F 1824.839883 1880.660829 3.717551
E 0.000000 0.000000 0.000000 0.000000
W C 1362.0 1923.4 386.4 1496.9 498.8 722.7 1185.3 791.2 1695.3 1091.6 1790.5 287.5 
W E 0.000 100000.0 100000.0 0.000 100000.0 100000.0 0.000 100000.0 100000.0 0.000 100000.0 100000.0 0.000 100000.0 100000.0 -0.022 1251.5 600.0 
D C 364.9 -287.9 1415.4 -461.6 1742.8 248.9 1129.7 565.4 538.4 591.2 896.5 1317.5 
F 1824.839883 1880.660829 3.717551
E 0.000000 0.000000 0.000000 0.000000
W C 1360.6 1923.5 385.1 1496.6 499.5 723.3 1185.2 791.1 1694.8 1088.3 1790.5 286.5 
W E -0.092 600.0 365.0 -2.881 600.0 1169.2 -2.424 600.0 1382.6 -0.531 992.1 600.0 -0.163 628.0 600.0 -0.022 885.0 424.3 
D C 366.0 -288.8 1416.7 -462.0 1741.8 248.8 1129.9 565.4 540.6 593.7 897.6 1319.0 
F 1824.839883 1880.660829 3.717551
E 0.000000 0.000000 0.000000 0.000000
W C 1360.4 1923.6 384.3 1496.4 499.5 723.3 1184.9 790.5 1694.7 1087.7 1790.5 284.8 
W E -0.092 424.3 258.5 -2.881 424.3 827.1 -2.424 424.3 977.4 -0.531 701.6 424.3 -0.163 445.0 424.3 -0.022 722.7 346.4 
D C 366.2 -289.0 1418.2 -462.5 1741.8 248.8 1131.1 566.1 541.5 594.6 900.0 1322.6 
F 1824.839883 1880.660829 3.717551
E 0.000000 0.000000 0.000000 0.000000
W C 1360.4 1923.6 384.3 1496.4 500.8 724.4 1185.1 790.8 1694.7 1088.0 1790.5 285.3 
W E -0.092 346.4 211.2 -2.881 346.4 675.6 -2.424 346.4 798.0 -0.531 573.0 346.4 -0.163 363.7 346.4 -0.022 626.1 300.0 
D C 366.2 -288.9 1417.4 -462.3 1737.0 248.1 1129.5 565.3 540.5 593.6 896.8 1317.9 
F 1824.839883 1880.660829 3.717551
E 0.000000 0.000000 0.000000 0.000000
W C 1360.7 1923.5 383.8 1496.2 500.8 724.5 1185.3 791.2 1695.0 1089.4 1790.5 285.2 
W E -0.092 300.0 183.0 -2.881 300.0 585.2 -2.424 300.0 690.9 -0.531 496.2 300.0 -0.163 315.1 300.0 -0.022 560.1 268.3 
D C 365.1 -288.1 1419.4 -462.9 1739.8 248.5 1128.6 564.8 537.0 589.7 898.0 1319.6 
F 1824.839883 1880.660829 3.717551
E 0.000000 0.000000 0.000000 0.000000
W C 1360.9 1923.5 384.7 1496.5 500.8 724.5 1185.3 791.1 1695.1 1089.9 1790.5 285.6 
W E -0.092 268.3 163.7 -2.881 268.3 523.5 -2.424 268.3 617.8 -0.531 443.8 268.3 -0.163 281.8 268.3 -0.022 511.4 244.9 
D C 365.1 -288.1 1413.4 -460.9 1740.2 248.6 1129.9 565.5 538.2 591.0 896.5 1317.5 
F 1824.839883 1880.660829 3.717551
E 0.000000 0.000000 0.000000 0.000000
W C 1361.1 1923.5 384.5 1496.4 501.5 725.0 1185.0 790.7 1695.0 1089.8 1790.5 285.7 
W E -0.092 244.9 149.4 -2.881 244.9 477.9 -2.424 244.9 563.9 -0.531 405.1 244.9 -0.163 257.2 244.9 -0.022 473.5 226.8 
D C 364.7 -287.8 1418.5 -462.6 1734.9 247.8 1132.6 566.8 539.8 592.8 897.2 1318.4 
F 1824.839883 1880.660829 3.717551
E 0.000000 0.000000 0.000000 0.000000
W C 1361.3 1923.5 384.5 1496.4 501.6 725.2 1184.9 790.5 1695.0 1089.6 1790.5 285.7 
W E -0.092 226.8 138.3 -2.881 226.8 442.4 -2.424 226.8 522.0 -0.531 375.1 226.8 -0.163 238.1 226.8 -0.022 442.9 212.1 
D C 364.9 -287.9 1417.5 -462.3 1738.0 248.2 1131.9 566.5 540.7 593.8 897.5 1318.9 
F 1824.839883 1880.660829 3.717551
E 0.000000 0.000000 0.000000 0.000000
W C 1361.3 1923.5 384.5 1496.4 501.5 725.1 1184.7 790.2 1695.0 1089.6 1790.5 285.6 
W E -0.092 212.1 129.4 -2.881 212.1 413.9 -2.424 212.1 488.2 -0.531 350.9 212.1 -0.163 222.7 212.1 -0.022 417.6 200.0 
D C 365.2 -288.2 1416.6 -462.0 1739.8 248.5 1132.5 566.8 539.6 592.6 898.1 1319.8 
F 1824.839883 1880.660829 3.717551
E 0.000000 0.000000 0.000000 0.000000
W C 1361.3 1923.5 384.8 1496.0 501.5 725.1 1184.8 790.3 1695.0 1089.7 1790.5 285.7 
W E -0.092 200.0 122.0 -2.881 200.0 390.2 -2.424 200.0 460.3 -0.531 330.9 200.0 -0.163 209.9 200.0 -0.022 396.2 189.7 
D C 365.8 -288.6 1417.7 -457.6 1739.7 248.5 1129.9 565.5 539.5 592.4 897.2 1318.4 
F 1824.839883 1880.660829 3.717551
E 0.000000 0.000000 0.000000 0.000000
W C 1361.4 1923.5 384.6 1496.0 501.5 725.1 1184.6 790.1 1695.0 1089.6 1790.5 285.5 
W E -0.092 189.7 115.7 -2.881 189.7 370.2 -2.424 189.7 436.6 -0.531 313.9 189.7 -0.163 199.2 189.7 -0.022 377.7 180.9 
D C 364.1 -287.3 1419.0 -462.8 1739.0 248.4 1133.0 567.0 539.7 592.7 898.8 1320.8 
F 1824.839883 1880.660829 3.717551
E 0.000000 0.000000 0.000000 0.000000
W C 1361.5 1923.5 384.6 1496.0 501.2 724.8 1184.6 789.9 1695.0 1089.7 1790.5 285.6 
W E -0.092 180.9 110.3 -2.881 180.9 353.0 -2.424 180.9 416.3 -0.531 299.3 180.9 -0.163 189.9 180.9 -0.022 361.7 173.2 
D C 364.5 -287.7 1416.9 -462.1 1743.3 249.0 1132.5 566.8 539.1 592.1 896.9 1318.1 
F 1824.839883 1880.660829 3.717551
E 0.000000 0.000000 0.000000 0.000000
W C 1361.5 1923.5 384.1 1495.9 501.1 724.7 1184.6 790.0 1695.0 1089.6 1790.5 285.5 
W E -0.092 173.2 105.6 -2.881 173.2 337.9 -2.424 173.2 398.5 -0.531 286.6 173.2 -0.163 181.8 173.2 -0.022 347.5 166.4 
D C 365.0 -288.0 1423.0 -464.1 1741.8 248.8 1130.1 565.6 541.0 594.1 897.9 1319.5 
F 1804.071395 1867.171093 3.717601
E 0.575979 6.130712 0.952189 0.076855
W C 1359.9 1922.3 382.6 1494.9 499.5 723.6 1183.0 788.9 1693.4 1088.5 1789.0 284.7 
W E -0.095 166.4 101.1 -2.881 166.4 324.4 -2.424 166.4 382.6 -0.530 275.1 166.4 -0.162 174.5 166.4 -0.021 334.7 160.4 
D C 365.2 -288.2 1416.0 -461.8 1740.2 248.6 1131.2 566.1 539.4 592.4 896.8 1317.9 
F 1766.972379 1843.118767 3.717012
E 0.576019 12.550723 4.929703 0.144225
W C 1356.0 1919.8 379.6 1492.8 497.0 721.9 1181.6 789.6 1690.5 1086.6 1786.7 282.6 
W E -0.104 160.2 96.9 -2.882 160.4 312.3 -2.423 160.4 368.4 -0.529 264.7 160.4 -0.162 167.8 160.4 -0.018 323.4 154.9 
D C 352.2 -286.8 1402.9 -457.5 1715.5 250.4 1074.3 550.0 518.5 594.6 878.1 1325.0 
F 1729.525347 1818.870215 -2.567289
E 0.574245 16.718088 10.317310 0.172963
W C 1351.7 1917.0 376.4 1491.1 493.8 720.6 1179.2 789.6 1686.9 1084.5 1783.8 280.6 
W E -0.119 154.5 92.9 -2.883 154.9 301.5 -2.423 154.9 355.8 -0.526 255.4 154.9 -0.167 161.8 154.9 -0.015 313.5 150.0 
D C 313.8 -287.5 1365.2 -463.9 1681.8 240.2 1048.8 549.2 488.9 592.9 846.9 1321.6 
F 1691.878755 1794.796513 -2.569832
E 0.565216 20.031525 15.965381 0.191420
W C 1346.6 1913.7 373.6 1489.5 490.5 719.6 1176.8 790.1 1683.0 1083.0 1783.6 280.6 
W E -0.140 149.0 89.4 -2.885 150.0 291.8 -2.422 150.0 344.7 -0.524 247.0 150.0 -0.179 156.5 150.0 -0.015 313.3 150.0 
D C 279.2 -282.2 1324.1 -454.4 1640.5 244.6 1000.7 547.8 445.3 586.2 
F 1692.000215 1794.901787 -2.570027
E 0.564862 19.982169 15.072167 0.172228
W C 1344.0 1911.7 373.8 1488.9 488.6 719.4 1175.4 791.1 1680.3 1082.2 1783.5 280.6 
W E -0.155 144.2 86.4 -2.886 145.6 283.6 -2.422 145.6 335.0 -0.522 239.8 145.6 -0.184 152.0 145.5 -0.015 313.2 150.0 
D C 260.9 -280.4 1277.2 -447.1 1622.9 242.0 985.4 543.3 432.6 584.3 
F 1654.470534 1771.006629 -2.572088
E 0.540130 22.760135 20.274267 0.193251
W C 1341.2 1909.7 374.2 1488.7 487.3 719.7 1174.2 792.5 1678.2 1081.6 1783.4 280.7 
W E -0.178 139.4 83.6 -2.888 141.5 275.8 -2.421 141.5 326.1 -0.519 233.1 141.5 -0.198 147.8 141.4 -0.015 313.1 150.0 
D C 216.5 -277.0 1229.1 -443.0 1564.3 248.0 933.0 544.7 379.5 588.2 
F 1616.912865 1747.198708 -2.572909
E -0.676149 25.586522 25.164189 0.203705
W C 1336.5 1907.5 374.0 1488.1 485.3 720.0 1172.1 793.6 1675.5 1080.5 1783.4 280.7 
W E -0.208 134.4 81.0 -2.890 137.8 268.5 -2.420 137.8 317.7 -0.517 226.7 137.8 -0.220 143.9 137.6 -0.015 313.1 150.0 
D C 187.9 -278.9 1197.8 -440.1 1532.9 243.0 902.1 541.6 348.6 590.7 
F 1579.471718 1723.670421 -2.577407
E -2.520526 27.384583 30.704688 0.209266
W C 1330.3 1905.2 373.1 1487.4 482.9 720.2 1169.7 794.1 1672.3 1078.9 1783.4 280.7 
W E -0.245 129.1 78.7 -2.891 134.3 261.6 -2.420 134.3 309.8 -0.514 220.8 134.3 -0.249 140.3 134.0 -0.015 313.1 150.0 
D C 155.6 -276.2 1169.5 -441.9 1500.5 242.6 873.3 546.4 318.8 593.1 
F 1542.178238 1700.324296 -2.578819
E -2.540994 29.366989 35.711325 0.212763
W C 1322.5 1903.2 372.1 1486.8 480.3 720.2 1167.1 794.6 1669.0 1077.3 1783.4 280.7 
W E -0.288 123.5 76.7 -2.893 131.2 255.2 -2.419 131.1 302.5 -0.511 215.1 131.2 -0.282 137.1 130.7 -0.015 313.0 150.0 
D C 124.8 -274.1 1131.1 -439.3 1466.0 246.2 832.9 546.4 280.4 594.1 
F 1542.497081 1700.680375 -2.580235
E -2.535915 29.217983 34.540693 0.190006
W C 1318.5 1901.8 371.8 1486.5 479.0 720.5 1165.6 795.2 1667.0 1076.1 1783.4 280.7 
W E -0.322 119.3 74.9 -2.895 128.2 249.4 -2.418 128.2 295.9 -0.509 210.1 128.2 -0.303 134.2 127.6 -0.015 313.0 150.0 
D C 113.1 -277.2 1117.5 -438.0 1443.4 251.6 818.1 551.1 264.3 597.6 
F 1504.877376 1677.095957 -2.582769
E -2.550161 31.074411 39.248223 0.205832
W C 1314.8 1901.0 371.8 1486.1 477.8 720.9 1164.3 795.8 1665.6 1075.0 1783.4 280.7 
W E -0.362 114.6 73.3 -2.897 125.5 243.9 -2.418 125.4 289.7 -0.507 205.4 125.5 -0.326 131.6 124.6 -0.015 313.0 150.0 
D C 67.3 -274.8 1066.3 -436.9 1395.6 247.7 770.4 547.0 214.8 601.8 
F 1467.576941 1652.635865 -2.573300
E -2.566387 32.886472 44.138228 0.217718
W C 1314.5 1900.8 372.0 1484.1 477.4 719.7 1163.4 796.1 1664.2 1073.8 1783.5 280.7 
W E -0.365 114.5 73.0 -2.898 122.9 238.8 -2.417 122.9 283.9 -0.505 200.9 122.9 -0.346 129.3 121.8 -0.015 313.0 150.0 
D C 1026.6 -435.5 1364.7 246.5 735.6 539.4 184.2 595.6 
F 1467.455735 1652.635065 -2.573815
E -2.570877 32.787917 43.250424 0.197642
W C 1314.5 1900.8 372.9 1483.9 477.6 720.2 1163.6 797.0 1664.3 1073.5 1783.5 280.7 
W E -0.368 114.4 72.9 -2.900 120.5 234.3 -2.417 120.5 278.7 -0.503 197.0 120.5 -0.357 127.1 119.2 -0.015 313.0 150.0 
D C 997.1 -433.8 1324.9 251.9 698.2 545.7 146.0 600.5 
F 1429.884641 1628.203155 -2.572124
E -2.584431 34.485500 47.338872 0.207261
W C 1314.3 1900.7 373.7 1482.7 478.0 719.6 1163.8 797.4 1664.4 1073.0 1780.6 280.1 
W E -0.370 114.4 72.7 -2.902 118.3 229.2 -2.416 118.2 272.8 -0.502 192.5 118.3 -0.384 124.9 116.6 -0.002 300.6 145.8 
D C 958.2 -434.5 1292.7 249.9 666.4 544.3 474.7 1317.1 112.0 603.8 
F 1392.842461 1604.217423 -2.573434
E -2.592818 35.935143 51.348959 0.208507
W C 1307.9 1901.2 374.6 1480.9 478.2 719.1 1163.7 797.6 1664.0 1071.9 1777.6 279.3 
W E -0.419 107.3 71.7 -2.903 116.2 224.2 -2.416 116.1 267.2 -0.501 188.2 116.2 -0.406 122.9 114.1 0.010 290.2 141.9 
D C -47.4 -285.1 925.1 -422.9 1257.2 251.0 631.5 545.5 438.5 1317.1 81.6 604.0 
F 1356.032103 1580.141417 -2.575330
E -2.599013 37.326824 55.342065 0.209799
W C 1302.1 1901.9 375.0 1478.8 478.5 718.1 1163.4 797.4 1663.5 1070.6 1774.6 278.4 
W E -0.462 101.8 70.9 -2.905 114.2 219.4 -2.415 114.1 261.8 -0.501 184.1 114.2 -0.421 121.0 111.7 0.022 281.3 138.4 
D C -78.6 -288.4 896.0 -426.3 1220.4 251.5 601.9 546.3 407.1 1316.5 48.0 606.7 
F 1318.775902 1555.587843 -2.567808
E -2.603736 38.756621 59.414626 0.213475
W C 1302.0 1901.9 375.3 1476.9 478.7 717.2 1163.0 797.6 1663.2 1069.6 1772.9 277.7 
W E -0.465 101.7 70.8 -2.906 112.3 214.9 -2.415 112.2 256.7 -0.501 180.2 112.3 -0.429 119.4 109.4 0.033 273.3 135.2 
D C 848.2 -429.4 1172.2 252.8 550.1 540.9 358.9 1316.4 -4.2 609.6 
F 1282.027378 1530.929853 -2.561580
E -2.607417 40.113060 63.469564 0.215435
W C 1302.0 1902.0 374.9 1474.1 478.9 715.5 1162.0 797.2 1662.3 1068.1 1771.4 276.5 
W E -0.466 101.6 70.8 -2.908 110.5 210.6 -2.414 110.5 251.8 -0.502 176.5 110.5 -0.431 118.0 107.2 0.044 266.1 132.3 
D C 833.9 -428.6 1149.7 255.4 535.0 545.7 342.8 1320.9 -21.1 610.9 
F 1282.135789 1531.017912 -2.560791
E -2.609467 39.942641 62.487031 0.192218
W C 1302.0 1902.0 375.1 1472.8 479.3 715.1 1161.7 797.4 1662.2 1067.3 1770.3 275.8 
W E -0.467 101.6 70.7 -2.909 108.9 206.7 -2.414 108.8 247.4 -0.503 173.2 108.8 -0.430 116.6 105.2 0.053 259.8 129.6 
D C 801.3 -430.7 1119.8 252.3 506.2 542.3 317.0 1321.4 -51.5 614.4 
F 1244.514725 1506.649796 -2.560664
E -2.611582 41.252680 66.442921 0.206913
W C 1302.1 1902.1 375.7 1471.7 479.5 714.9 1161.5 797.8 1662.1 1066.7 1769.3 275.0 
W E -0.468 101.6 70.7 -2.910 107.3 203.0 -2.414 107.2 243.1 -0.505 170.0 107.2 -0.426 115.4 103.3 0.062 254.0 127.1 
D C 743.2 -420.3 1069.2 254.8 450.7 543.2 262.7 1326.0 -104.8 612.2 
F 1207.526885 1482.032549 -2.558033
E -2.613356 42.498555 70.473939 0.213646
W C 1302.2 1902.1 375.9 1469.4 479.5 713.9 1160.7 797.8 1661.7 1065.8 1767.9 274.4 
W E -0.468 101.6 70.6 -2.911 105.8 199.4 -2.413 105.7 238.9 -0.507 167.0 105.6 -0.420 114.2 101.5 0.070 248.7 124.8 
D C 724.6 -421.6 1054.6 251.3 437.8 541.0 248.2 1316.0 -122.5 613.4 
F 1170.335353 1457.390438 -2.555305
E -2.614346 43.694006 74.560269 0.216924
W C 1302.4 1902.2 376.0 1467.3 479.6 713.0 1159.8 797.9 1661.4 1064.8 1766.8 273.7 
W E -0.469 101.6 70.6 -2.911 104.4 195.9 -2.413 104.2 234.9 -0.511 164.1 104.1 -0.411 113.1 99.9 0.078 243.7 122.7 
D C 681.4 -422.0 1006.0 252.8 390.4 541.0 199.3 1322.5 -167.7 618.9 
F 1170.264777 1457.761765 -2.556579
E -2.614953 43.495484 73.757880 0.194095
W C 1302.5 1902.2 376.4 1465.9 479.7 712.6 1159.4 798.0 1661.3 1064.0 1765.7 273.3 
W E -0.469 101.6 70.6 -2.912 103.0 192.8 -2.413 102.9 231.3 -0.514 161.6 102.7 -0.403 112.1 98.4 0.085 239.2 120.8 
D C 664.2 -417.0 990.9 255.5 375.1 544.0 182.3 1319.4 -184.1 619.0 
F 1133.033287 1433.534174 -2.558644
E -2.614660 44.675577 77.820690 0.212694
W C 1302.5 1902.3 376.6 1464.4 479.9 711.9 1158.6 798.0 1661.2 1064.0 1764.5 272.6 
W E -0.469 101.6 70.6 -2.912 101.7 189.9 -2.413 101.6 227.9 -0.517 159.2 101.3 -0.409 112.1 98.2 0.091 235.2 119.0 
D C 632.6 -416.4 954.7 261.8 340.5 546.0 145.9 1324.3 
F 1095.925288 1409.152996 -2.556680
E -2.613740 45.814884 82.013352 0.222103
W C 1302.7 1902.3 376.6 1462.3 479.8 711.0 1157.4 797.8 1661.3 1064.1 1763.2 271.9 
W E -0.469 101.6 70.6 -2.912 100.5 187.1 -2.413 100.3 224.6 -0.522 157.1 99.9 -0.412 112.0 98.2 0.097 231.4 117.3 
D C 600.0 -416.4 924.3 259.6 313.0 545.7 117.1 1324.1 
F 1058.973079 1384.883868 -2.557264
E -2.612621 46.901695 86.270068 0.226698
W C 1302.8 1902.3 376.4 1460.0 479.5 710.0 1155.8 797.4 1661.3 1064.1 1762.3 270.9 
W E -0.469 101.6 70.5 -2.911 99.3 184.4 -2.413 99.1 221.4 -0.526 155.0 98.6 -0.414 112.0 98.1 0.103 227.8 115.8 
D C 565.1 -415.8 892.5 259.6 281.0 546.6 85.1 1335.0 
F 1021.679615 1360.812948 -2.558712
E -2.611331 47.946625 90.575306 0.229181
W C 1303.0 1902.4 376.3 1457.9 479.3 709.0 1154.4 797.0 1661.2 1064.2 1761.2 270.1 
W E -0.470 101.5 70.5 -2.910 98.2 181.9 -2.413 98.0 218.2 -0.531 153.2 97.2 -0.416 111.9 98.1 0.109 224.5 114.3 
D C 518.1 -408.9 845.8 268.6 232.5 552.9 27.6 1332.7 
F 1021.834841 1361.257165 -2.559338
E -2.611529 47.722714 89.816937 0.206396
W C 1303.1 1902.4 376.3 1456.5 479.3 708.4 1153.6 796.7 1661.2 1064.2 1760.3 269.4 
W E -0.470 101.5 70.5 -2.909 97.1 179.6 -2.414 96.9 215.5 -0.536 151.5 95.9 -0.417 111.9 98.1 0.113 221.5 113.0 
D C 506.2 -414.8 830.8 263.9 219.6 550.2 23.5 1330.5 
F 984.845579 1337.287445 -2.559689
E -2.610577 48.723962 94.014723 0.220022
W C 1303.2 1902.5 376.0 1454.6 479.0 707.7 1152.3 796.4 1661.2 1064.3 1759.6 268.6 
W E -0.470 101.5 70.5 -2.908 96.0 177.4 -2.414 95.9 212.7 -0.540 150.0 94.7 -0.418 111.9 98.1 0.118 218.6 111.8 
D C 477.6 -411.3 797.6 264.2 186.2 548.0 -17.4 1336.7 
F 948.054360 1313.171652 -2.556104
E -2.609453 49.684477 98.307997 0.226908
W C 1303.3 1902.5 375.6 1452.4 478.7 706.8 1150.8 795.8 1661.2 1064.3 1758.6 267.9 
W E -0.470 101.5 70.5 -2.906 95.0 175.3 -2.414 94.9 210.1 -0.544 148.6 93.4 -0.418 111.9 98.1 0.122 215.9 110.6 
D C 442.9 -413.4 768.5 265.0 157.6 551.3 -42.1 1337.7 
F 911.410622 1289.267427 -2.556626
E -2.608235 50.594265 102.646021 0.230341
W C 1303.5 1902.6 374.8 1449.9 478.2 706.0 1149.1 795.1 1661.2 1064.4 1757.8 267.1 
W E -0.470 101.5 70.5 -2.904 93.9 173.4 -2.415 93.9 207.6 -0.548 147.3 92.2 -0.419 111.8 98.1 0.126 213.4 109.6 
D C 412.3 -411.7 732.1 265.1 123.6 552.2 -83.4 1341.0 
F 911.795802 1289.994091 -2.556863
E -2.608199 50.322586 101.944314 0.208046
W C 1303.7 1902.6 374.4 1448.3 477.9 705.3 1147.9 794.5 1661.2 1064.5 1757.2 266.4 
W E -0.470 101.5 70.5 -2.902 93.0 171.7 -2.416 93.0 205.3 -0.551 146.2 91.0 -0.420 111.8 98.1 0.130 211.1 108.5 
D C 396.0 -412.7 718.6 267.7 109.5 552.9 -99.9 1340.5 
F 874.720363 1266.052141 -2.556313
E -2.607096 51.215929 106.227817 0.222087
W C 1303.8 1902.7 373.9 1447.0 477.8 704.7 1146.9 794.0 1661.1 1064.5 1756.8 265.7 
W E -0.470 101.5 70.5 -2.900 92.0 170.0 -2.416 92.1 203.1 -0.554 145.2 89.8 -0.421 111.8 98.0 0.133 208.9 107.6 
D C 351.1 -414.0 669.9 270.9 62.8 555.0 -150.2 1344.9 
F 837.913651 1242.276359 -2.557832
E -2.606013 52.059552 110.595150 0.229101
W C 1303.9 1902.7 373.1 1445.4 477.4 704.1 1145.6 793.3 1661.1 1064.6 1756.6 265.0 
W E -0.470 101.5 70.5 -2.897 91.0 168.5 -2.417 91.3 200.9 -0.556 144.2 88.7 -0.421 111.8 98.0 0.136 206.8 106.7 
D C 320.9 -415.8 639.9 270.2 31.9 553.6 -180.6 1353.2 
F 801.337231 1218.514381 -2.556429
E -2.604905 52.863262 115.036844 0.232897
W C 1304.1 1902.8 371.9 1443.3 476.8 703.3 1144.3 792.3 1661.2 1064.7 1755.8 264.3 
W E -0.470 101.5 70.5 -2.894 90.0 167.2 -2.419 90.4 198.9 -0.558 143.4 87.6 -0.422 111.8 98.0 0.139 204.8 106.0 
D C 291.5 -415.9 612.0 274.1 1.3 557.3 -209.2 1346.5 
F 764.533388 1194.925579 -2.557881
E -2.602865 53.655945 119.831226 0.243017
W C 1304.3 1902.8 370.2 1441.4 475.8 702.7 1142.9 790.9 1661.3 1064.8 1755.6 264.4 
W E -0.471 101.5 70.5 -2.891 89.0 166.1 -2.420 89.6 197.2 -0.558 142.7 86.6 -0.422 111.8 98.0 0.139 204.5 105.9 
D C 259.1 -419.8 579.9 274.8 -29.7 560.6 
F 764.597200 1195.719850 -2.560491
E -2.602369 53.318522 119.232261 0.223381
W C 1304.4 1902.8 369.9 1441.1 475.8 702.2 1142.5 790.4 1661.3 1064.8 1755.2 264.3 
W E -0.471 101.5 70.5 -2.889 88.0 165.1 -2.420 88.8 195.8 -0.558 142.0 85.7 -0.423 111.7 98.0 0.139 204.3 105.9 
D C 214.4 -418.7 534.3 275.6 -76.7 561.9 
F 727.769107 1172.311747 -2.561169
E -2.600792 54.083470 123.978402 0.238952
W C 1304.5 1902.8 368.7 1440.0 475.0 701.7 1141.8 789.3 1661.3 1064.9 1755.0 264.4 
W E -0.471 101.5 70.5 -2.887 87.1 164.3 -2.422 88.1 194.4 -0.557 141.4 84.9 -0.423 111.7 98.0 0.139 204.2 105.9 
D C 201.0 -417.5 520.5 278.7 -95.3 567.1 
F 690.824700 1149.059639 -2.565856
E -2.599487 54.802902 128.869267 0.248011
W C 1304.6 1902.9 367.4 1439.2 474.5 701.3 1141.2 788.3 1661.4 1064.9 1754.8 264.4 
W E -0.471 101.5 70.5 -2.886 86.1 163.5 -2.423 87.3 193.2 -0.557 140.8 84.1 -0.424 111.7 98.0 0.139 204.0 105.9 
D C 156.5 -420.1 471.2 282.9 -139.0 568.0 
F 654.584347 1126.179508 -2.565774
E -2.598560 55.478763 133.874813 0.253621
W C 1304.8 1902.9 365.2 1437.8 473.3 700.9 1140.6 786.9 1661.6 1065.0 1754.9 264.5 
W E -0.471 101.5 70.5 -2.885 85.1 162.9 -2.424 86.5 192.1 -0.556 140.3 83.3 -0.424 111.7 98.0 0.139 203.9 105.9 
D C 142.9 -418.5 452.7 285.2 -155.2 572.6 
F 654.721762 1127.263161 -2.571761
E -2.598176 55.187623 133.315109 0.238080
W C 1304.8 1902.9 364.3 1437.3 472.6 700.5 1140.6 786.8 1661.6 1065.1 1755.0 264.5 
W E -0.471 101.5 70.4 -2.884 84.2 162.3 -2.425 85.9 191.3 -0.557 140.2 83.2 -0.424 111.7 98.0 0.139 203.8 105.9 
D C 110.2 -416.7 423.6 285.4 
F 617.059737 1104.157715 -2.579877
E -2.597050 55.969941 138.506968 0.256543
W C 1304.9 1902.9 363.5 1437.0 471.9 700.0 1140.7 786.8 1661.7 1065.1 1755.1 264.5 
W E -0.471 101.5 70.4 -2.884 83.3 161.9 -2.425 85.2 190.6 -0.558 140.1 83.1 -0.425 111.7 98.0 0.139 203.8 105.9 
D C 66.5 -419.3 375.4 287.9 
F 579.900829 1081.417369 -2.584892
E -2.596412 56.700298 143.897932 0.268601
W C 1304.9 1902.9 361.8 1436.4 470.4 699.6 1141.2 786.8 1661.9 1065.2 1755.6 264.6 
W E -0.471 101.5 70.4 -2.885 82.4 161.4 -2.426 84.5 190.0 -0.559 140.1 83.1 -0.425 111.7 98.0 0.139 203.7 105.9 
D C 49.9 -423.1 356.3 291.0 
F 542.706921 1058.720323 -2.591711
E -2.596547 57.373003 149.468503 0.276894
W C 1305.0 1902.9 360.3 1435.9 469.0 699.0 1141.7 786.8 1662.1 1065.2 1756.1 264.7 
W E -0.471 101.5 70.4 -2.886 81.5 161.1 -2.426 83.7 189.5 -0.560 140.0 83.0 -0.425 111.7 98.0 0.139 203.6 105.9 
D C 4.2 -422.5 309.2 293.0 
F 543.200572 1059.307294 -2.594664
E -2.597386 57.018952 148.796560 0.258612
W C 1305.0 1902.9 359.5 1435.8 468.2 698.5 1142.0 786.8 1662.3 1065.3 1756.4 264.8 
W E -0.471 101.5 70.4 -2.887 80.8 160.7 -2.426 83.1 189.1 -0.560 140.0 83.0 -0.426 111.7 98.0 0.139 203.6 105.9 
D C -11.4 -425.9 290.8 293.1 
F 505.881693 1036.569510 -2.595832
E -2.597927 57.684298 154.451644 0.273021
W C 1305.1 1902.8 358.2 1435.7 467.0 697.8 1142.5 786.9 1662.4 1065.3 1756.9 264.8 
W E -0.471 101.5 70.4 -2.888 80.0 160.4 -2.427 82.4 188.7 -0.561 139.9 82.9 -0.426 111.7 98.0 0.139 203.5 105.9 
D C -39.0 -426.5 257.8 295.7 
F 468.414881 1013.903239 -2.600270
E -2.599088 58.279551 160.351124 0.283246
W C 1305.1 1902.8 357.1 1435.7 466.1 696.9 1142.9 786.9 1662.6 1065.4 1757.3 264.9 
W E -0.471 101.5 70.4 -2.890 79.4 160.1 -2.426 81.6 188.4 -0.562 139.9 82.9 -0.426 111.7 98.0 0.139 203.5 105.9 
D C -86.6 -430.1 204.9 297.1 
F 432.393750 990.719892 -2.586132
E -2.600381 58.818024 166.517992 0.291720
W C 1305.2 1902.8 355.2 1435.8 464.4 695.2 1143.7 787.0 1662.8 1065.5 1758.0 265.0 
W E -0.471 101.5 70.4 -2.892 78.8 159.8 -2.426 80.8 188.2 -0.562 139.8 82.9 -0.426 111.7 98.0 0.139 203.4 105.9 
D C -102.3 -432.3 187.1 295.9 
F 397.693782 966.023172 -2.511587
E -2.599664 59.605859 172.886284 0.306453
W C 1305.2 1902.8 353.1 1436.3 463.6 693.9 1144.4 787.1 1663.0 1065.5 1758.7 265.1 
W E -0.471 101.5 70.4 -2.894 78.3 159.6 -2.425 79.8 188.0 -0.563 139.8 82.8 -0.427 111.7 98.0 0.139 203.4 105.9 
D C -146.8 -436.5 137.0 299.6 
F 397.987475 967.850968 -2.525215
E -2.600504 59.119713 172.138547 0.286879
W C 1305.3 1902.8 351.7 1436.6 463.1 692.9 1144.9 787.1 1663.2 1065.6 1759.2 265.2 
W E -0.471 101.5 70.4 -2.896 77.9 159.3 -2.424 79.1 187.7 -0.563 139.7 82.8 -0.427 111.7 98.0 0.139 203.3 105.9 
D C -165.7 -434.5 126.2 295.0 
F 364.823191 937.935734 -2.426425
E -2.598336 60.089659 179.058926 0.317656
W C 1305.3 1902.8 351.7 1436.9 462.7 691.9 1144.9 787.1 1663.2 1065.6 1759.1 265.2 
W E -0.471 101.5 70.4 -2.896 77.8 159.3 -2.422 78.2 187.6 -0.563 139.7 82.8 -0.427 111.7 98.0 0.139 203.3 105.9 
D C 111.4 279.3 
F 334.487720 905.515987 -2.325869
E -2.593469 60.806100 184.466879 0.320446
W C 1305.3 1902.8 351.8 1437.6 461.8 691.3 1144.7 787.3 1663.1 1065.6 1760.3 265.1 
W E -0.471 101.5 70.4 -2.894 77.6 159.1 -2.424 76.6 186.7 -0.564 139.6 82.8 -0.427 111.7 98.0 0.141 200.8 105.5 
D C 87.3 262.1 -513.4 1503.6 
F 307.383178 871.638099 -2.230975
E -2.584189 61.276536 189.821156 0.324711
W C 1305.4 1902.9 352.2 1438.5 460.2 689.7 1144.5 787.4 1663.1 1065.6 1761.3 265.7 
W E -0.471 101.5 70.4 -2.892 77.4 158.8 -2.425 74.8 185.9 -0.564 139.6 82.7 -0.427 111.7 98.0 0.144 198.7 105.2 
D C 78.5 256.7 -485.0 1510.9 
F 283.510939 835.747053 -2.136494
E -2.570788 61.627224 195.024651 0.330101
W C 1305.5 1902.9 352.6 1439.5 458.6 688.0 1144.2 787.5 1663.0 1065.7 1762.3 266.2 
W E -0.471 101.5 70.4 -2.890 77.2 158.6 -2.424 73.0 185.2 -0.565 139.5 82.7 -0.428 111.6 98.0 0.147 196.9 104.9 
D C 53.9 237.6 -385.1 1552.8 
F 283.009252 837.058651 -2.137816
E -2.571622 61.285262 193.226728 0.306362
W C 1305.5 1902.9 352.9 1440.0 457.7 687.3 1144.1 787.5 1663.0 1065.7 1763.1 266.5 
W E -0.471 101.5 70.4 -2.888 77.0 158.4 -2.424 71.5 184.7 -0.565 139.5 82.7 -0.428 111.6 98.0 0.150 195.3 104.6 
D C 44.0 233.1 -357.2 1562.8 
F 262.579156 799.138792 -2.043180
E -2.555587 61.656674 198.150094 0.321274
W C 1305.5 1902.9 353.2 1440.8 456.6 686.1 1143.9 787.6 1663.0 1065.7 1763.9 266.9 
W E -0.471 101.5 70.4 -2.886 76.9 158.2 -2.423 70.1 184.2 -0.566 139.4 82.7 -0.428 111.6 98.0 0.153 193.9 104.4 
D C 28.3 225.5 -276.6 1587.1 
F 246.808790 758.015406 -1.939683
E -2.533525 62.285040 204.716432 0.357081
W C 1305.6 1903.0 353.5 1441.5 456.3 684.5 1143.7 787.7 1662.9 1065.7 1763.6 266.9 
W E -0.471 101.5 70.4 -2.885 76.8 158.1 -2.420 69.2 183.9 -0.566 139.4 82.7 -0.428 111.6 98.0 0.153 193.9 104.4 
D C 12.0 220.5 
F 235.655535 716.772538 -1.835271
E -2.506106 63.387239 211.396778 0.388060
W C 1305.6 1903.0 353.8 1442.2 456.1 682.9 1143.5 787.8 1662.9 1065.7 1763.0 266.9 
W E -0.471 101.5 70.4 -2.884 76.7 158.0 -2.417 68.6 183.7 -0.566 139.4 82.7 -0.428 111.6 98.0 0.153 193.8 104.4 
D C -3.5 218.5 
F 228.490224 673.493693 -1.738183
E -2.472202 65.369732 218.437225 0.416747
W C 1305.7 1903.0 354.0 1442.6 456.1 681.9 1143.3 787.9 1662.8 1065.7 1762.6 266.8 
W E -0.471 101.5 70.4 -2.884 76.6 158.0 -2.415 68.2 183.5 -0.566 139.4 82.7 -0.428 111.6 98.0 0.153 193.7 104.4 
D C -31.5 220.8 
F 228.490224 673.493693 -1.738183
E -2.472202 65.369732 218.437225 0.416747
W C 1305.7 1903.0 354.0 1442.6 456.1 681.9 1143.3 787.9 1662.8 1065.7 1762.6 266.8 
W E -0.471 101.5 70.4 -2.884 76.6 158.0 -2.415 68.2 183.5 -0.566 139.4 82.7 -0.428 111.6 98.0 0.153 193.7 104.4 
D C 
F 221.855859 632.550807 -1.603160
E -2.443881 68.200793 221.600975 0.410324
W C 1305.7 1903.0 354.5 1443.2 454.6 681.1 1143.2 787.9 1662.8 1065.7 1763.6 267.7 
W E -0.471 101.5 70.4 -2.883 76.5 157.9 -2.417 67.6 183.2 -0.566 139.3 82.7 -0.428 111.6 98.0 0.155 192.5 104.2 
D C 122.1 1605.2 
F 220.285314 592.802791 -1.464291
E -2.416141 71.345726 224.066827 0.408040
W C 1305.7 1903.0 355.0 1443.7 453.3 680.3 1143.1 787.9 1662.8 1065.8 1764.1 268.5 
W E -0.471 101.5 70.4 -2.882 76.4 157.8 -2.418 67.2 182.9 -0.566 139.3 82.7 -0.428 111.6 98.0 0.158 191.5 104.1 
D C 253.5 1583.1 
F 240.049078 551.040560 -1.233676
E -2.387347 74.602666 226.823929 0.407508
W C 1305.8 1903.1 354.4 1444.9 451.6 682.5 1142.0 788.1 1665.2 1064.2 1763.8 269.5 
W E -0.471 101.5 70.4 -2.882 76.4 157.7 -2.419 66.9 182.6 -0.567 139.2 82.6 -0.449 111.1 97.4 0.156 191.1 104.0 
D C 310.7 1567.9 
F 230.816053 552.411046 -1.291142
E -2.401614 72.195973 223.395915 0.343636
W C 1305.8 1903.1 354.6 1444.7 451.7 681.1 1141.2 789.5 1665.2 1063.6 1764.3 270.0 
W E -0.471 101.5 70.4 -2.881 76.4 157.6 -2.421 66.6 182.1 -0.567 138.8 82.2 -0.448 111.1 97.4 0.157 190.0 103.8 
D C 493.5 1497.5 -73.5 911.2 
F 239.576051 515.826574 -1.202932
E -2.380237 73.639511 223.826430 0.333914
W C 1305.8 1903.1 354.8 1444.6 451.9 680.1 1140.1 790.5 1665.2 1063.1 1765.0 270.6 
W E -0.471 101.5 70.4 -2.880 76.3 157.5 -2.422 66.4 181.7 -0.568 138.4 81.8 -0.448 111.0 97.4 0.158 189.0 103.7 
D C 546.3 1473.2 -45.1 905.1 
F 253.849487 478.664301 -1.107921
E -2.363322 74.185230 223.129349 0.310818
W C 1305.8 1903.1 355.0 1444.2 452.6 679.2 1139.7 790.2 1664.6 1063.9 1765.5 270.6 
W E -0.471 101.5 70.4 -2.879 76.3 157.3 -2.425 66.0 181.2 -0.569 138.0 81.4 -0.467 110.6 96.9 0.158 187.8 103.4 
D C 718.3 1366.3 51.8 899.4 -70.7 1510.6 
F 274.390799 444.247579 -0.995885
E -0.770327 223.311473 75.549042 0.315400
W C 1305.8 1903.1 355.0 1444.2 452.9 679.0 1138.7 790.4 1664.6 1063.5 1766.3 271.3 
W E -0.471 101.5 70.4 -2.879 76.2 157.2 -2.426 65.9 180.9 -0.570 137.7 81.1 -0.467 110.5 96.9 0.158 186.9 103.2 
D C 821.0 1281.3 108.2 882.4 
F 273.688117 443.676181 -1.006734
E -0.776578 221.833117 74.118201 0.285977
W C 1305.8 1903.1 355.0 1444.1 453.2 678.9 1138.1 790.3 1664.6 1063.4 1766.7 271.8 
W E -0.471 101.5 70.4 -2.878 76.2 157.2 -2.427 65.7 180.6 -0.571 137.4 80.8 -0.466 110.5 96.9 0.159 186.1 103.0 
D C 865.4 1230.7 138.0 879.0 
F 301.386117 412.550639 -0.868979
E -0.753778 221.888678 75.326515 0.302670
W C 1305.8 1903.1 354.9 1444.1 453.5 678.9 1137.4 790.1 1664.7 1063.4 1767.1 272.3 
W E -0.471 101.5 70.4 -2.878 76.2 157.1 -2.428 65.6 180.4 -0.572 137.1 80.5 -0.466 110.5 96.8 0.160 185.3 102.9 
D C 990.5 1087.7 221.3 842.1 
F 329.701860 384.839464 -0.760028
E -0.731164 221.382494 76.641401 0.307881
W C 1305.8 1903.1 354.9 1444.1 453.6 679.0 1136.7 789.8 1664.7 1063.2 1767.9 272.9 
W E -0.471 101.5 70.4 -2.877 76.1 157.0 -2.429 65.5 180.2 -0.573 136.8 80.2 -0.467 110.5 96.8 0.160 184.6 102.7 
D C 1034.3 1035.8 249.3 824.2 
F 363.360641 360.065267 -0.627466
E -0.707536 220.513078 78.196509 0.315694
W C 1305.8 1903.1 354.9 1444.2 453.8 679.1 1136.0 789.5 1664.7 1063.2 1768.4 273.5 
W E -0.471 101.5 70.4 -2.877 76.1 157.0 -2.430 65.4 180.1 -0.573 136.6 79.9 -0.467 110.5 96.8 0.160 184.0 102.5 
D C 1117.9 868.2 321.9 778.7 
F 398.086627 339.505342 -0.510134
E -0.684894 219.128053 79.736803 0.316792
W C 1305.8 1903.1 354.9 1444.3 453.9 679.2 1135.5 789.1 1664.7 1063.1 1769.0 274.1 
W E -0.471 101.5 70.4 -2.877 76.1 156.9 -2.431 65.3 179.9 -0.574 136.3 79.6 -0.467 110.5 96.8 0.160 183.4 102.4 
D C 1169.4 756.9 368.4 738.9 
F 397.998832 338.873952 -0.517915
E -0.689243 218.190639 78.047100 0.286003
W C 1305.8 1903.1 354.9 1444.3 454.0 679.4 1135.0 788.6 1664.7 1063.1 1769.4 274.6 
W E -0.471 101.5 70.4 -2.876 76.1 156.9 -2.431 65.2 179.8 -0.574 136.1 79.3 -0.467 110.5 96.8 0.161 182.8 102.2 
D C 1186.4 692.7 388.9 718.3 
F 437.668524 324.625319 -0.375417
E -0.666672 216.544542 79.397648 0.301308
W C 1305.8 1903.1 354.9 1444.3 454.3 679.5 1134.4 788.2 1664.8 1063.2 1769.7 275.2 
W E -0.471 101.5 70.4 -2.876 76.1 156.9 -2.432 65.1 179.6 -0.574 135.9 79.0 -0.467 110.5 96.8 0.161 182.2 102.0 
D C 1228.1 496.6 441.6 640.4 
F 476.544065 313.759630 -0.253677
E -0.645067 214.342683 80.832421 0.309743
W C 1305.8 1903.1 354.9 1444.5 454.3 679.7 1133.9 787.7 1664.8 1063.1 1770.4 275.8 
W E -0.471 101.5 70.4 -2.876 76.0 156.8 -2.432 65.0 179.5 -0.574 135.6 78.7 -0.467 110.5 96.8 0.161 181.7 101.8 
D C 1241.8 441.1 458.4 619.1 
F 517.289292 308.609408 -0.125752
E -0.624813 211.739131 82.234702 0.312416
W C 1305.8 1903.1 354.9 1444.6 454.3 679.9 1133.4 787.1 1664.8 1063.1 1770.9 276.4 
W E -0.471 101.5 70.4 -2.876 76.0 156.8 -2.433 65.0 179.4 -0.574 135.4 78.4 -0.467 110.5 96.8 0.162 181.2 101.7 
D C 1244.9 232.8 503.6 533.0 
F 519.320871 309.755153 -0.116420
E -0.627526 211.011949 80.593457 0.282336
W C 1305.8 1903.1 354.9 1444.6 454.6 680.0 1133.0 786.6 1664.8 1063.2 1771.0 276.9 
W E -0.471 101.5 70.4 -2.875 76.0 156.8 -2.433 64.9 179.3 -0.574 135.2 78.1 -0.467 110.5 96.8 0.162 180.7 101.5 
D C 1219.6 102.2 521.9 470.9 
F 564.567077 309.717355 -0.069391
E -0.604709 207.876029 81.066275 0.272922
W C 1305.6 1902.5 355.0 1445.4 454.2 681.0 1132.5 786.4 1664.7 1063.2 1771.1 277.8 
W E -0.470 101.3 70.1 -2.875 76.0 156.7 -2.433 64.8 179.1 -0.572 134.8 77.8 -0.468 110.5 96.8 0.162 180.2 101.2 
D C 1209.0 41.7 528.2 442.3 598.4 1583.6 
F 610.073836 312.476140 -0.032983
E -0.581911 204.509267 82.304436 0.268884
W C 1305.4 1902.6 355.6 1444.9 453.9 681.3 1132.2 786.0 1664.7 1063.2 1771.0 278.3 
W E -0.470 101.3 70.1 -2.876 75.8 156.2 -2.434 64.7 178.9 -0.571 134.5 77.5 -0.468 110.5 96.8 0.163 179.8 100.9 
D C 1155.2 -77.2 513.9 389.1 -227.3 1102.7 
F 654.162801 317.074036 -0.001166
E -0.559057 201.139280 83.540171 0.266449
W C 1305.2 1902.7 356.2 1444.7 453.2 681.7 1132.1 785.5 1664.7 1063.2 1771.0 278.8 
W E -0.470 101.3 70.1 -2.878 75.7 155.9 -2.434 64.7 178.8 -0.570 134.2 77.2 -0.468 110.5 96.8 0.163 179.3 100.7 
D C 1138.0 -104.2 504.8 377.4 -217.7 1107.8 
F 697.872391 323.074366 0.031766
E -0.536376 197.784066 84.716074 0.264461
W C 1305.1 1902.8 356.6 1444.6 452.7 682.1 1132.1 784.9 1664.7 1063.2 1770.9 279.2 
W E -0.470 101.3 70.1 -2.879 75.5 155.5 -2.434 64.6 178.7 -0.569 133.9 76.9 -0.468 110.5 96.8 0.164 178.8 100.5 
D C 1079.7 -145.8 471.7 359.5 -234.2 1119.0 
F 697.948898 326.475657 0.048452
E -0.536922 196.831879 83.213575 0.241590
W C 1305.1 1902.8 356.7 1444.5 452.5 682.4 1132.1 784.3 1664.7 1063.2 1770.8 279.6 
W E -0.470 101.3 70.1 -2.880 75.4 155.1 -2.435 64.6 178.6 -0.568 133.6 76.7 -0.468 110.5 96.8 0.165 178.4 100.2 
D C 1061.5 -150.0 458.2 358.1 -251.2 1114.9 
F 742.803000 331.609554 0.064390
E -0.513796 193.412269 84.328287 0.252009
W C 1305.1 1902.8 356.8 1444.4 452.4 682.6 1132.1 783.8 1664.7 1063.2 1770.8 280.0 
W E -0.470 101.3 70.1 -2.881 75.3 154.8 -2.435 64.5 178.4 -0.567 133.2 76.4 -0.468 110.5 96.8 0.166 178.0 100.0 
D C 1016.0 -149.9 411.8 358.0 -302.9 1118.1 
F 787.138031 338.226202 0.078652
E -0.488191 189.997956 84.583482 0.249028
W C 1305.0 1902.4 356.8 1444.9 451.9 683.4 1132.0 783.5 1664.6 1063.2 1770.7 280.6 
W E -0.468 101.0 69.9 -2.882 75.1 154.3 -2.435 64.4 178.2 -0.564 132.7 76.1 -0.468 110.5 96.8 0.167 177.5 99.6 
D C 985.4 -154.7 381.6 355.0 618.0 1482.2 -325.8 1120.5 
F 830.420995 344.495296 0.092003
E -0.463878 186.692718 85.770154 0.255994
W C 1304.9 1902.5 357.0 1445.1 451.2 683.9 1132.4 782.8 1664.6 1063.2 1770.5 281.0 
W E -0.468 101.0 69.9 -2.884 75.0 154.0 -2.435 64.4 178.1 -0.562 132.4 75.9 -0.468 110.5 96.8 0.168 177.1 99.3 
D C 965.4 -154.6 363.7 357.6 -338.5 1125.2 
F 872.608725 349.969060 0.096806
E -0.443257 182.940618 85.644330 0.249423
W C 1304.9 1902.5 357.1 1445.4 450.5 684.4 1132.7 781.8 1664.8 1063.8 1769.9 280.9 
W E -0.468 101.0 69.9 -2.885 74.8 153.6 -2.436 64.3 177.9 -0.561 131.8 75.5 -0.469 110.0 95.9 0.166 176.3 98.8 
D C 920.6 -156.1 865.4 667.9 316.4 356.2 -393.2 1128.9 
F 872.850362 350.293452 0.096993
E -0.449561 181.790891 83.489083 0.229281
W C 1304.9 1902.5 357.2 1445.5 450.5 684.5 1133.0 781.0 1664.4 1064.2 1770.1 281.0 
W E -0.468 101.0 69.9 -2.885 74.8 153.6 -2.437 64.2 177.7 -0.560 131.4 75.1 -0.471 109.5 95.2 0.165 175.5 98.4 
D C 887.6 -156.1 828.7 664.3 284.4 355.9 
F 917.034216 355.053601 0.099837
E -0.428056 178.470663 83.563722 0.243207
W C 1304.9 1902.5 357.3 1445.6 450.4 684.7 1133.3 780.2 1664.2 1064.7 1770.1 281.0 
W E -0.468 101.0 69.9 -2.885 74.8 153.5 -2.438 64.1 177.5 -0.559 130.9 74.8 -0.473 109.1 94.4 0.163 174.7 97.9 
D C 850.6 -157.7 797.1 663.4 250.3 355.9 
F 959.998426 359.929371 0.102362
E -0.406126 175.321958 83.691500 0.250131
W C 1304.9 1902.5 357.3 1445.9 450.1 684.9 1133.7 779.4 1664.0 1065.3 1769.9 280.9 
W E -0.468 101.0 69.9 -2.885 74.7 153.4 -2.439 64.0 177.4 -0.558 130.5 74.5 -0.473 108.7 93.7 0.162 174.0 97.4 
D C 818.5 -162.2 765.7 657.4 220.1 357.8 
F 1001.787624 365.207545 0.109064
E -0.383023 172.286129 83.925415 0.254451
W C 1304.9 1902.5 357.4 1446.4 449.3 685.4 1134.3 778.5 1664.0 1065.9 1769.2 280.7 
W E -0.468 101.0 69.9 -2.885 74.7 153.4 -2.439 64.0 177.3 -0.558 130.0 74.2 -0.473 108.3 93.1 0.161 173.3 96.9 
D C 802.3 -166.7 749.5 655.6 206.9 358.1 
F 1002.309954 364.989340 0.105761
E -0.388897 171.366910 82.101691 0.233561
W C 1304.9 1902.5 357.4 1446.3 449.4 685.3 1134.5 778.0 1663.6 1066.4 1769.6 280.6 
W E -0.468 100.9 69.9 -2.885 74.7 153.3 -2.440 63.9 177.1 -0.557 129.6 73.9 -0.473 107.9 92.5 0.160 172.7 96.5 
D C 758.5 -167.3 700.8 660.0 156.1 358.9 
F 1045.578483 369.689031 0.106274
E -0.364246 168.564192 82.364553 0.246125
W C 1304.9 1902.5 357.5 1446.5 449.2 685.5 1134.9 777.3 1663.4 1066.9 1769.6 280.5 
W E -0.468 100.9 69.9 -2.884 74.7 153.2 -2.440 63.9 177.0 -0.557 129.2 73.6 -0.471 107.5 91.9 0.159 172.1 96.0 
D C 739.3 -167.8 679.8 660.2 139.5 359.2 
F 1089.414067 374.264357 0.105745
E -0.338875 165.904810 82.750129 0.253098
W C 1304.9 1902.4 357.6 1446.6 449.0 685.7 1135.2 776.7 1663.1 1067.5 1769.6 280.2 
W E -0.468 100.9 69.9 -2.884 74.7 153.2 -2.441 63.8 176.9 -0.558 128.8 73.4 -0.469 107.1 91.3 0.159 171.5 95.5 
D C 693.8 -171.0 631.8 664.6 94.7 360.3 
F 1132.267928 378.817989 0.107010
E -0.313181 163.422881 83.193579 0.256379
W C 1304.9 1902.4 357.7 1446.9 448.6 685.9 1135.7 776.2 1662.8 1068.0 1769.5 279.9 
W E -0.468 100.9 69.9 -2.884 74.7 153.1 -2.441 63.8 176.8 -0.559 128.4 73.1 -0.467 106.7 90.7 0.158 171.0 94.9 
D C 666.3 -170.7 595.6 658.1 63.8 362.6 
F 1173.822241 383.555802 0.113516
E -0.286594 161.093252 83.704485 0.258389
W C 1304.9 1902.4 357.8 1447.3 447.9 686.2 1136.3 775.8 1662.6 1068.5 1769.1 279.5 
W E -0.468 100.9 69.9 -2.884 74.7 153.1 -2.442 63.7 176.7 -0.560 128.1 72.8 -0.463 106.3 90.1 0.157 170.5 94.4 
D C 648.8 -174.7 583.1 656.4 47.9 363.1 
F 1174.031920 383.238479 0.109597
E -0.292496 160.366533 81.736770 0.236674
W C 1304.9 1902.4 357.8 1447.3 448.0 686.2 1136.4 775.4 1662.3 1068.9 1769.6 279.4 
W E -0.468 100.9 69.9 -2.884 74.7 153.0 -2.442 63.7 176.6 -0.561 127.7 72.5 -0.460 105.9 89.6 0.157 170.0 93.9 
D C 603.7 -176.6 536.2 654.4 -0.3 365.0 
F 1217.850165 388.150443 0.122445
E -0.264566 158.224325 82.259790 0.248538
W C 1304.9 1902.4 357.9 1447.3 447.9 686.3 1136.6 775.1 1662.0 1069.3 1770.0 279.2 
W E -0.468 100.9 69.9 -2.884 74.6 153.0 -2.442 63.6 176.5 -0.562 127.5 72.2 -0.457 105.5 89.1 0.156 169.5 93.4 
D C 570.1 -174.4 500.0 654.1 -32.9 366.1 
F 1261.462269 394.486772 0.188199
E -0.235960 156.114589 82.913616 0.262763
W C 1304.9 1902.4 358.0 1447.6 447.7 686.5 1136.8 774.4 1661.6 1069.6 1770.6 279.4 
W E -0.468 100.9 69.9 -2.884 74.6 152.9 -2.443 63.6 176.4 -0.563 127.2 71.9 -0.452 105.2 88.6 0.156 169.1 92.8 
D C 540.6 -176.3 467.2 651.6 -64.7 364.7 
F 1302.606682 403.815006 0.297987
E -0.207906 153.936012 83.628873 0.282371
W C 1304.9 1902.4 358.1 1447.9 447.4 686.9 1137.1 773.6 1661.1 1069.8 1771.3 279.7 
W E -0.468 100.9 69.8 -2.884 74.6 152.9 -2.443 63.6 176.3 -0.564 127.0 71.6 -0.448 104.8 88.0 0.155 168.7 92.3 
D C 495.0 -211.8 473.4 623.2 -72.1 366.8 
F 1302.757640 401.226894 0.274317
E -0.214036 153.369796 81.642468 0.253130
W C 1304.9 1902.4 358.1 1448.0 447.4 687.0 1137.3 773.1 1660.6 1070.3 1772.0 279.6 
W E -0.468 100.9 69.8 -2.884 74.6 152.9 -2.443 63.5 176.2 -0.566 126.7 71.3 -0.443 104.4 87.6 0.155 168.3 91.8 
D C 467.3 -233.0 477.6 609.1 -77.0 367.7 
F 1343.104378 418.349954 0.414015
E -0.182284 150.938686 81.664507 0.271200
W C 1304.3 1902.3 358.3 1448.4 447.2 687.5 1137.5 772.9 1660.6 1070.6 1772.3 279.1 
W E -0.462 100.4 69.6 -2.884 74.6 152.7 -2.443 63.5 176.0 -0.566 126.4 70.9 -0.435 103.8 87.0 0.154 167.9 90.9 
D C 384.1 -301.2 513.5 530.3 421.7 1394.0 -68.8 368.2 
F 1378.509584 439.528212 0.536195
E -0.157125 148.173866 81.464386 0.269252
W C 1304.1 1902.0 358.3 1448.8 447.1 687.9 1137.6 772.7 1660.3 1071.0 1772.7 279.0 
W E -0.457 99.9 69.4 -2.883 74.6 152.6 -2.443 63.5 175.9 -0.566 126.1 70.5 -0.427 103.3 86.5 0.152 167.5 90.0 
D C 292.0 -357.5 542.5 445.9 577.0 1315.3 -59.0 372.3 
F 1410.770329 461.345883 0.625674
E -0.135532 145.121285 81.272184 0.265585
W C 1303.9 1901.7 358.4 1449.4 446.7 688.4 1137.7 772.6 1660.1 1071.3 1773.3 279.0 
W E -0.451 99.4 69.3 -2.883 74.6 152.5 -2.443 63.4 175.7 -0.566 125.8 70.1 -0.419 102.7 86.0 0.151 167.2 89.2 
D C 255.9 -377.3 547.0 414.2 621.5 1275.8 -54.4 372.7 
F 1411.164376 462.283548 0.626984
E -0.141096 144.539684 79.751021 0.241859
W C 1303.9 1901.7 358.5 1449.3 446.8 688.4 1137.7 772.1 1659.8 1071.9 1773.9 278.7 
W E -0.451 99.3 69.3 -2.883 74.6 152.4 -2.444 63.4 175.6 -0.567 125.6 69.8 -0.414 102.3 85.6 0.150 166.9 88.7 
D C 187.9 -402.9 556.5 357.8 -47.5 373.2 
F 1440.024420 491.430107 0.755437
E -0.119998 141.377832 79.818705 0.255850
W C 1304.0 1901.2 358.5 1449.7 446.6 688.8 1137.6 772.1 1659.6 1072.4 1774.3 278.8 
W E -0.446 98.8 69.1 -2.883 74.6 152.3 -2.444 63.4 175.5 -0.566 125.3 69.3 -0.407 101.8 85.1 0.149 166.5 87.9 
D C 120.7 -424.8 560.1 299.9 791.8 1126.0 -41.8 374.4 
F 1464.995957 522.472263 0.868012
E -0.103632 138.014262 79.903649 0.259747
W C 1304.1 1900.8 358.5 1450.1 446.3 689.2 1137.4 772.0 1659.4 1073.0 1774.9 278.9 
W E -0.441 98.3 68.9 -2.883 74.6 152.2 -2.444 63.4 175.3 -0.566 125.0 68.9 -0.400 101.2 84.7 0.147 166.2 87.2 
D C 45.3 -442.5 558.3 237.8 874.6 1034.6 -34.7 373.1 
F 1486.536475 554.346556 0.973633
E -0.095050 134.577206 80.806478 0.276391
W C 1304.6 1900.6 358.5 1450.2 446.0 689.3 1137.2 771.7 1658.8 1073.6 1776.4 279.2 
W E -0.441 98.3 68.9 -2.883 74.6 152.2 -2.444 63.4 175.3 -0.566 124.9 68.6 -0.397 100.8 84.3 0.147 165.9 86.8 
D C 8.6 -446.6 556.9 207.5 -31.4 374.2 
F 1502.292552 585.285145 1.094195
E -0.084136 131.192791 80.739319 0.262329
W C 1304.5 1900.4 358.5 1450.4 445.6 689.7 1137.0 771.8 1658.9 1074.0 1776.9 279.0 
W E -0.436 97.8 68.7 -2.885 74.3 151.7 -2.444 63.3 175.1 -0.565 124.6 68.1 -0.389 100.1 83.9 0.145 165.5 86.1 
D C -104.3 -453.2 534.5 120.4 998.4 846.7 194.9 1410.6 -21.0 374.8 
F 1500.217243 587.564530 1.107956
E -0.081328 130.291713 78.982384 0.222913
W C 1304.6 1899.9 358.7 1450.8 445.9 690.1 1136.4 771.3 1658.4 1074.6 1777.8 279.6 
W E -0.431 97.3 68.6 -2.888 74.1 151.3 -2.444 63.2 174.8 -0.563 124.3 67.5 -0.382 99.5 83.5 0.144 165.0 85.5 
D C -178.0 -446.0 512.5 55.6 1055.3 725.2 322.9 1383.0 -9.3 369.3 -318.6 961.9 
F 1508.015022 624.260721 1.285562
E -0.072561 126.782780 79.570384 0.246278
W C 1304.6 1899.6 358.8 1451.0 446.2 690.2 1136.2 770.8 1658.2 1075.1 1777.4 279.9 
W E -0.427 96.8 68.4 -2.890 73.9 151.0 -2.444 63.1 174.4 -0.562 124.0 67.1 -0.376 98.8 83.1 0.142 164.8 85.0 
D C 488.7 -19.1 1115.7 575.6 473.2 1325.7 13.1 361.8 -220.7 993.5 
F 1511.353696 660.884842 1.442702
E -0.074487 123.287048 79.820209 0.260872
W C 1304.5 1899.3 359.0 1451.2 446.0 690.6 1136.3 770.4 1658.1 1075.6 1777.0 279.9 
W E -0.423 96.3 68.3 -2.892 73.6 150.6 -2.444 63.0 174.3 -0.559 123.8 66.6 -0.369 98.1 82.7 0.141 164.7 84.6 
D C 456.0 -83.1 1153.1 425.6 612.4 1247.4 33.3 351.8 
F 1507.380008 698.109239 1.616148
E -0.092248 119.975077 80.258290 0.278529
W C 1304.4 1899.3 359.3 1451.1 445.9 690.7 1136.3 769.7 1658.1 1076.1 1776.9 280.2 
W E -0.423 96.3 68.3 -2.895 73.4 150.3 -2.444 63.0 174.3 -0.558 123.6 66.2 -0.365 97.6 82.4 0.140 164.6 84.4 
D C 388.3 -177.5 791.3 1096.5 58.8 334.4 
F 1505.490579 699.929281 1.627880
E -0.082657 119.379451 78.940076 0.242363
W C 1304.6 1899.0 359.5 1451.4 445.6 691.1 1136.0 769.2 1658.2 1076.4 1776.7 281.0 
W E -0.419 95.8 68.1 -2.897 73.2 150.0 -2.444 63.0 174.2 -0.556 123.3 65.8 -0.356 96.9 82.1 0.139 164.4 84.1 
D C 361.4 -204.4 1167.8 112.3 848.8 1048.9 66.9 327.2 
F 1493.981246 737.457307 1.812528
E -0.110899 116.096894 78.597876 0.263160
W C 1304.4 1898.7 359.6 1451.8 445.2 691.5 1135.9 768.7 1658.4 1076.8 1776.4 281.4 
W E -0.416 95.3 67.9 -2.899 73.0 149.7 -2.444 63.0 174.1 -0.553 123.1 65.3 -0.344 96.2 81.7 0.138 164.3 83.8 
D C 299.1 -257.6 1139.5 -48.1 958.3 919.4 80.4 309.7 
F 1478.344351 771.490382 1.971499
E -0.147174 113.370579 77.684711 0.268067
W C 1304.2 1898.4 359.7 1452.3 444.9 691.9 1135.9 768.2 1658.6 1077.1 1775.9 281.6 
W E -0.412 94.9 67.8 -2.900 72.8 149.4 -2.444 63.0 174.0 -0.550 122.8 64.9 -0.328 95.5 81.3 0.137 164.2 83.5 
D C 230.0 -296.1 1093.5 -195.8 1039.4 787.0 91.0 291.0 
F 1459.097454 802.112434 2.115167
E -0.185344 111.182590 76.414627 0.267707
W C 1304.1 1898.2 359.8 1452.7 444.7 692.3 1136.1 767.8 1658.7 1077.7 1775.5 281.6 
W E -0.409 94.4 67.7 -2.902 72.6 149.1 -2.444 63.0 173.9 -0.546 122.6 64.5 -0.309 94.8 80.9 0.136 164.0 83.2 
D C 160.0 -329.9 1025.6 -345.0 1108.0 642.3 100.3 272.9 
F 1437.979418 832.172401 2.191980
E -0.220011 109.164814 74.850631 0.258220
W C 1303.9 1898.0 359.9 1453.0 444.6 692.4 1136.3 767.6 1658.7 1078.6 1774.9 280.7 
W E -0.405 94.0 67.5 -2.904 72.3 148.8 -2.444 63.0 173.8 -0.542 122.3 64.1 -0.286 94.2 80.5 0.136 163.9 82.9 
D C 126.2 -345.2 988.0 -411.9 1127.3 564.2 103.5 264.0 
F 1434.216989 832.495907 2.221105
E -0.210457 108.431652 73.665679 0.228839
W C 1303.8 1897.8 359.9 1453.5 444.4 692.7 1136.3 767.1 1658.8 1078.8 1774.7 281.2 
W E -0.402 93.6 67.4 -2.905 72.1 148.5 -2.444 62.9 173.7 -0.538 122.0 63.8 -0.265 93.6 80.0 0.135 163.8 82.7 
D C 21.0 -374.4 861.3 -590.0 1181.2 351.4 111.6 238.2 
F 1401.868285 866.554408 2.267655
E -0.250819 106.402841 72.315449 0.235882
W C 1303.8 1897.7 359.9 1453.9 444.3 692.8 1136.3 766.9 1658.6 1078.9 1774.9 281.4 
W E -0.399 93.2 67.2 -2.907 71.9 148.2 -2.444 62.9 173.6 -0.534 121.6 63.4 -0.243 93.1 79.5 0.135 163.8 82.5 
D C -50.1 -379.6 773.3 -670.2 1165.1 240.1 99.6 227.0 
F 1367.435221 896.444387 2.326295
E -0.290642 104.610385 71.143201 0.231671
W C 1303.5 1897.5 359.9 1454.3 444.4 694.1 1136.6 765.8 1657.9 1079.5 1775.1 281.3 
W E -0.397 92.7 67.1 -2.908 71.7 147.9 -2.444 62.8 173.3 -0.529 121.2 63.0 -0.221 92.6 78.9 0.134 163.7 82.4 
D C -106.3 -380.6 702.3 -697.0 1136.0 194.4 558.8 694.9 69.4 222.0 
F 1332.686306 924.396197 2.371424
E -0.333597 103.301520 70.583092 0.235287
W C 1303.4 1897.2 360.1 1454.6 444.4 695.0 1136.8 765.1 1657.1 1080.5 1775.4 281.0 
W E -0.395 92.4 66.9 -2.910 71.5 147.7 -2.444 62.6 173.0 -0.524 120.7 62.8 -0.208 92.3 78.8 0.134 163.6 82.3 
D C 638.2 -720.6 1103.8 147.3 549.8 679.4 42.0 219.2 
F 1328.667961 924.248365 2.387706
E -0.336083 102.677818 69.616083 0.213508
W C 1303.5 1896.8 360.5 1454.7 444.9 695.3 1138.2 762.9 1655.3 1082.0 1775.7 281.4 
W E -0.393 92.0 66.8 -2.911 71.3 147.4 -2.444 62.4 172.8 -0.520 120.2 62.5 -0.198 92.1 78.7 0.134 163.6 82.2 
D C 583.9 -723.9 1056.0 144.2 505.9 678.8 -5.6 223.2 
F 1292.341333 953.813045 2.407322
E -0.384459 101.671962 69.160013 0.228178
W C 1303.3 1896.6 360.7 1455.0 445.2 695.8 1138.8 761.9 1654.4 1082.7 1775.7 281.5 
W E -0.392 91.6 66.6 -2.912 71.1 147.2 -2.444 62.3 172.5 -0.516 119.7 62.3 -0.189 91.9 78.6 0.133 163.6 82.1 
D C 568.0 -722.2 1029.5 143.8 487.8 675.9 -21.7 225.9 
F 1256.727261 981.956598 2.428587
E -0.432833 101.081000 69.085879 0.238284
W C 1302.9 1896.5 360.9 1455.3 445.3 696.3 1139.1 761.3 1654.0 1083.1 1775.7 281.4 
W E -0.391 91.3 66.5 -2.913 70.9 146.9 -2.444 62.1 172.2 -0.515 119.6 62.2 -0.183 91.8 78.5 0.133 163.6 82.0 
D C 539.2 -725.9 994.3 145.1 452.1 682.3 
F 1221.139326 1009.519223 2.442905
E -0.482026 100.664726 69.238537 0.243398
W C 1302.4 1896.4 361.0 1455.7 445.3 696.8 1139.3 760.9 1653.8 1083.2 1775.7 281.3 
W E -0.390 91.0 66.3 -2.914 70.7 146.7 -2.444 62.0 171.9 -0.514 119.5 62.2 -0.178 91.7 78.4 0.133 163.5 81.9 
D C 502.1 -721.1 959.5 143.1 423.8 679.6 
F 1219.739489 1008.889268 2.451297
E -0.488308 100.293195 68.103809 0.221590
W C 1302.2 1896.1 361.3 1455.8 445.7 696.9 1139.2 760.9 1653.5 1083.4 1775.6 281.4 
W E -0.390 90.6 66.2 -2.915 70.5 146.4 -2.444 61.8 171.7 -0.513 119.4 62.1 -0.173 91.6 78.4 0.133 163.5 81.9 
D C 472.7 -720.6 927.4 144.1 389.9 684.6 
F 1184.431082 1036.237405 2.460074
E -0.538312 100.093852 68.196857 0.234423
W C 1301.8 1896.0 361.5 1456.0 445.8 697.2 1139.2 760.8 1653.3 1083.5 1775.5 281.4 
W E -0.390 90.3 66.1 -2.916 70.3 146.2 -2.443 61.7 171.4 -0.512 119.4 62.0 -0.169 91.5 78.3 0.133 163.5 81.8 
D C 439.7 -722.3 894.6 141.8 365.5 685.0 
F 1148.866755 1063.598206 2.468315
E -0.589420 100.058125 68.535507 0.241666
W C 1301.3 1895.9 361.7 1456.4 445.9 697.5 1139.2 760.7 1653.3 1083.5 1775.4 281.3 
W E -0.390 90.0 65.9 -2.916 70.1 145.9 -2.443 61.5 171.1 -0.511 119.3 61.9 -0.165 91.4 78.3 0.133 163.5 81.7 
D C 408.0 -724.1 862.3 144.8 327.5 688.2 
F 1113.400143 1091.112088 2.469908
E -0.641476 100.169872 69.047295 0.245322
W C 1300.9 1895.9 361.9 1456.6 446.0 697.7 1139.2 760.6 1653.2 1083.5 1775.3 281.2 
W E -0.390 89.6 65.8 -2.917 69.9 145.7 -2.443 61.4 170.9 -0.510 119.2 61.9 -0.162 91.3 78.2 0.133 163.5 81.7 
D C 363.4 -720.5 813.0 149.4 278.9 692.8 
F 1078.282410 1117.957143 2.475899
E -0.694820 100.426694 69.678699 0.247156
W C 1300.1 1896.0 362.0 1457.2 445.8 698.3 1139.4 760.4 1653.4 1083.3 1775.1 280.9 
W E -0.390 89.3 65.7 -2.917 69.7 145.5 -2.443 61.3 170.6 -0.509 119.2 61.8 -0.159 91.3 78.2 0.133 163.5 81.6 
D C 347.9 -722.6 793.1 145.8 265.8 690.5 
F 1043.386359 1144.646172 2.477254
E -0.749315 100.834673 70.387800 0.248103
W C 1299.3 1896.1 362.0 1457.7 445.6 699.0 1139.6 760.2 1653.8 1082.9 1775.0 280.6 
W E -0.391 89.0 65.5 -2.918 69.5 145.2 -2.442 61.1 170.3 -0.509 119.1 61.8 -0.155 91.2 78.1 0.133 163.5 81.6 
D C 313.2 -723.1 758.5 146.6 233.0 692.6 
F 1042.911354 1144.506849 2.478487
E -0.747586 100.497516 68.770043 0.224988
W C 1298.9 1896.0 362.4 1457.9 445.7 699.1 1139.5 760.2 1653.6 1083.0 1774.9 280.6 
W E -0.392 88.6 65.4 -2.918 69.3 145.0 -2.442 61.0 170.1 -0.508 119.1 61.7 -0.153 91.1 78.1 0.133 163.5 81.5 
D C 264.4 -723.1 708.3 143.7 184.1 692.2 
F 1007.516304 1171.681081 2.479860
E -2.371980 69.420894 101.083978 0.237379
W C 1298.2 1896.1 362.6 1458.3 445.7 699.5 1139.6 760.1 1653.8 1082.8 1774.8 280.4 
W E -0.393 88.3 65.3 -2.919 69.0 144.8 -2.442 60.8 169.8 -0.508 119.0 61.7 -0.150 91.1 78.1 0.133 163.5 81.5 
D C 249.0 -721.9 691.2 144.6 166.4 693.4 
F 972.339992 1198.682616 2.480859
E -2.426106 70.193930 101.808126 0.243557
W C 1297.6 1896.1 362.8 1458.7 445.7 699.8 1139.7 760.0 1653.9 1082.7 1774.7 280.3 
W E -0.394 88.0 65.2 -2.919 68.8 144.6 -2.441 60.7 169.6 -0.507 119.0 61.6 -0.147 91.0 78.0 0.133 163.4 81.4 
D C 200.8 -723.4 644.3 145.2 118.3 697.5 
F 936.303050 1224.930594 2.490254
E -2.480104 71.698472 102.843039 0.256626
W C 1297.5 1896.1 362.6 1459.0 445.5 700.1 1139.8 759.9 1654.0 1082.6 1774.7 280.2 
W E -0.395 87.9 65.2 -2.920 68.7 144.4 -2.441 60.6 169.4 -0.507 119.0 61.6 -0.146 91.0 78.0 0.133 163.4 81.4 
D C 625.4 147.0 103.3 700.2 
F 936.577924 1224.862155 2.488691
E -2.474326 69.961297 102.467477 0.231173
W C 1296.9 1896.1 362.9 1459.3 445.5 700.4 1139.8 759.9 1654.1 1082.5 1774.6 280.1 
W E -0.397 87.6 65.0 -2.920 68.5 144.2 -2.441 60.5 169.2 -0.506 119.0 61.5 -0.144 91.0 78.0 0.133 163.4 81.4 
D C 153.4 -722.0 592.6 145.0 75.1 701.7 
F 900.283203 1251.699971 2.498189
E -2.526737 71.400624 103.684990 0.249826
W C 1296.8 1896.1 363.0 1459.3 445.6 700.3 1139.8 759.8 1654.0 1082.5 1774.6 280.1 
W E -0.398 87.5 65.0 -2.921 68.4 144.0 -2.441 60.4 169.0 -0.506 119.0 61.5 -0.143 90.9 78.0 0.132 163.4 81.4 
D C 548.2 148.5 25.4 704.5 
F 865.242679 1275.856804 2.608676
E -2.573488 72.452736 105.614004 0.271907
W C 1295.5 1896.6 363.3 1459.7 445.6 700.8 1140.0 759.4 1654.3 1082.0 1774.4 279.6 
W E -0.399 87.1 64.9 -2.921 68.2 143.8 -2.441 60.2 168.8 -0.506 118.9 61.5 -0.141 90.9 77.9 0.132 163.4 81.3 
D C 94.8 -727.4 530.3 145.4 6.0 704.9 
F 832.335247 1293.002404 2.765978
E -2.594385 73.745699 108.356539 0.304337
W C 1294.3 1897.1 363.7 1459.9 445.6 701.2 1140.3 758.9 1654.6 1081.6 1774.3 279.1 
W E -0.401 86.8 64.8 -2.921 68.0 143.6 -2.441 60.1 168.6 -0.505 118.9 61.4 -0.138 90.9 77.9 0.132 163.4 81.3 
D C -17.4 -730.3 501.2 85.8 46.7 697.9 
F 806.426348 1305.286330 2.860522
E -2.611325 74.371440 110.373792 0.300572
W C 1293.1 1897.7 364.0 1460.2 445.6 701.7 1140.6 758.3 1655.0 1081.1 1774.2 278.6 
W E -0.403 86.5 64.7 -2.921 67.8 143.4 -2.440 60.0 168.4 -0.505 118.8 61.4 -0.136 90.8 77.9 0.132 163.4 81.3 
D C -69.5 -734.5 488.2 51.5 80.8 694.3 
F 807.572287 1305.239889 2.848224
E -2.605761 72.907828 109.825086 0.260070
W C 1292.1 1897.9 364.3 1460.6 445.7 701.8 1140.8 758.0 1655.2 1080.9 1774.3 278.3 
W E -0.405 86.2 64.6 -2.921 67.6 143.2 -2.440 59.9 168.2 -0.504 118.8 61.4 -0.134 90.8 77.9 0.133 163.4 81.2 
D C -201.2 -720.6 470.1 -31.4 163.9 665.1 
F 775.504636 1306.656747 3.041102
E -2.619016 73.796769 111.946773 0.287176
W C 1291.2 1898.3 364.6 1460.9 445.8 701.9 1141.1 757.7 1655.5 1080.6 1774.3 278.0 
W E -0.407 85.9 64.5 -2.921 67.4 143.0 -2.440 59.8 168.0 -0.504 118.7 61.3 -0.133 90.7 77.9 0.133 163.4 81.2 
D C -325.3 -689.0 438.1 -100.9 236.4 637.5 
F 743.546702 1302.343569 -3.044751
E -2.631150 74.999698 114.245432 0.308858
W C 1291.6 1898.1 364.2 1460.9 445.9 702.0 1141.0 757.8 1655.4 1080.6 1774.3 278.0 
W E -0.409 85.8 64.5 -2.921 67.3 142.9 -2.440 59.7 167.9 -0.504 118.7 61.3 -0.132 90.7 77.8 0.133 163.4 81.2 
D C 394.8 -176.1 312.9 586.5 
F 712.848284 1290.317606 -2.830622
E -2.642624 76.070346 116.721546 0.319730
W C 1291.8 1898.0 364.0 1461.0 446.0 702.0 1141.0 757.8 1655.4 1080.6 1774.2 278.0 
W E -0.410 85.7 64.4 -2.922 67.2 142.7 -2.440 59.6 167.7 -0.504 118.7 61.3 -0.131 90.7 77.8 0.133 163.4 81.2 
D C 305.4 -271.4 408.1 491.9 
F 712.635703 1289.046044 -2.820168
E -2.638621 74.966835 116.326595 0.282950
W C 1291.7 1898.0 363.9 1461.2 446.1 702.0 1141.0 757.7 1655.4 1080.6 1774.2 278.0 
W E -0.411 85.7 64.4 -2.922 67.1 142.6 -2.439 59.5 167.6 -0.504 118.7 61.3 -0.131 90.7 77.8 0.133 163.4 81.2 
D C 272.6 -298.5 432.8 455.2 
F 685.147944 1269.259585 -2.597768
E -2.650497 75.868254 118.772973 0.296834
W C 1291.8 1897.9 363.7 1461.3 446.2 702.0 1141.0 757.9 1655.4 1080.5 1774.1 277.9 
W E -0.412 85.6 64.4 -2.923 66.9 142.5 -2.439 59.4 167.4 -0.504 118.7 61.2 -0.130 90.7 77.8 0.132 163.4 81.2 
D C 197.6 -343.3 477.5 375.6 -139.4 637.0 
F 662.999609 1247.044964 -2.411620
E -2.658552 76.049786 121.293758 0.298044
W C 1292.1 1897.8 363.3 1461.4 446.2 702.0 1140.9 758.2 1655.5 1080.4 1774.0 277.9 
W E -0.413 85.5 64.4 -2.923 66.8 142.4 -2.439 59.3 167.3 -0.503 118.6 61.2 -0.130 90.7 77.8 0.132 163.4 81.1 
D C 121.6 -374.7 509.4 295.3 -59.8 642.2 
F 645.234024 1222.667852 -2.243656
E -2.660858 75.845399 123.857832 0.298088
W C 1292.5 1897.7 362.8 1461.6 446.3 702.1 1140.9 758.4 1655.7 1080.3 1774.0 277.8 
W E -0.414 85.5 64.4 -2.923 66.7 142.3 -2.440 59.2 167.1 -0.503 118.6 61.1 -0.129 90.6 77.8 0.132 163.3 81.1 
D C 44.4 -397.5 526.6 212.9 9.4 643.2 
F 633.641565 1194.327272 -2.055096
E -2.657302 75.352578 126.307441 0.296143
W C 1292.8 1897.6 362.3 1461.6 446.3 702.1 1140.8 758.6 1655.8 1080.1 1774.1 277.8 
W E -0.415 85.4 64.4 -2.924 66.6 142.2 -2.440 59.1 167.0 -0.503 118.5 61.0 -0.129 90.6 77.8 0.132 163.3 81.1 
D C -79.6 -408.3 527.6 77.0 122.2 616.6 
F 635.319112 1193.753532 -2.042967
E -2.660627 73.765995 125.705522 0.249581
W C 1293.0 1897.6 361.9 1461.6 446.4 702.1 1140.7 758.9 1656.0 1079.6 1774.1 277.9 
W E -0.416 85.4 64.4 -2.924 66.4 142.1 -2.440 59.0 166.8 -0.503 118.4 60.9 -0.130 90.5 77.7 0.132 163.3 81.1 
D C -117.1 -404.9 518.4 38.6 154.2 601.9 -301.8 992.1 
F 631.211137 1160.529531 -1.807175
E -2.657992 73.813052 128.154843 0.280065
W C 1293.1 1897.6 361.8 1461.4 446.5 702.1 1140.6 759.2 1656.1 1079.3 1774.1 277.9 
W E -0.416 85.3 64.4 -2.924 66.4 142.1 -2.440 58.9 166.7 -0.503 118.4 60.8 -0.132 90.3 77.5 0.132 163.3 81.1 
D C 484.2 -80.6 250.5 552.4 -114.8 1028.0 
F 630.620252 1128.066834 -1.621441
E -2.646325 73.329820 130.327104 0.291294
W C 1293.0 1897.6 361.9 1461.5 446.8 701.7 1140.4 759.4 1656.0 1079.4 1774.1 277.9 
W E -0.416 85.3 64.4 -2.924 66.4 142.1 -2.440 58.8 166.5 -0.503 118.3 60.7 -0.134 90.1 77.4 0.132 163.2 81.1 
D C 463.7 -129.5 284.9 522.4 -45.0 1028.0 
F 632.486027 1084.965390 -1.555269
E -2.614854 72.395706 132.416028 0.273334
W C 1293.0 1897.7 361.9 1461.6 447.1 701.2 1140.3 759.5 1656.0 1079.2 1774.1 278.0 
W E -0.416 85.3 64.4 -2.924 66.4 142.0 -2.441 58.7 166.4 -0.504 118.3 60.6 -0.136 90.0 77.3 0.132 163.2 81.1 
D C 417.6 -200.3 332.5 472.9 77.4 1016.9 
F 637.828718 1083.835257 -1.510701
E -2.619777 71.654446 131.886517 0.243914
W C 1293.2 1897.7 361.8 1461.4 446.9 701.3 1140.2 759.8 1656.1 1079.0 1774.2 278.1 
W E -0.416 85.3 64.4 -2.924 66.3 142.0 -2.441 58.6 166.2 -0.504 118.2 60.5 -0.138 89.9 77.2 0.132 163.2 81.1 
D C 340.7 -282.7 370.5 402.0 195.8 988.2 
F 645.357305 1039.427998 -1.470556
E -2.586043 70.771612 133.779107 0.248443
W C 1293.3 1897.7 361.7 1461.4 447.0 701.2 1140.1 759.9 1656.1 1078.8 1774.2 278.1 
W E -0.416 85.3 64.3 -2.924 66.3 142.0 -2.441 58.5 166.1 -0.504 118.2 60.4 -0.141 89.7 77.1 0.131 163.2 81.1 
D C 319.3 -281.9 353.5 402.9 185.7 984.8 
F 657.820795 994.710159 -1.409810
E -2.553057 70.102384 135.435850 0.241562
W C 1293.3 1897.7 361.5 1461.2 447.5 700.9 1140.1 760.2 1656.2 1078.8 1773.1 277.5 
W E -0.416 85.3 64.3 -2.924 66.3 141.9 -2.441 58.4 165.9 -0.504 118.1 60.2 -0.143 89.6 77.0 0.132 162.9 80.9 
D C 240.6 -305.9 991.3 835.3 327.0 374.9 198.7 971.5 
F 670.617704 951.603492 -1.366104
E -2.518542 69.624625 136.932389 0.238436
W C 1293.2 1897.8 361.4 1461.3 448.0 700.4 1140.0 760.3 1656.2 1078.9 1772.5 277.2 
W E -0.416 85.3 64.3 -2.924 66.3 141.9 -2.442 58.3 165.7 -0.504 118.0 60.1 -0.145 89.4 76.8 0.133 162.7 80.8 
D C 214.0 -309.4 977.9 824.1 314.1 371.6 186.3 971.4 
F 683.128404 910.536328 -1.336734
E -2.483426 69.293842 138.294607 0.236470
W C 1293.2 1898.0 361.3 1461.8 448.5 699.7 1139.7 760.4 1656.1 1078.8 1772.2 277.0 
W E -0.416 85.3 64.3 -2.924 66.3 141.8 -2.442 58.2 165.5 -0.504 118.0 59.9 -0.148 89.3 76.7 0.134 162.4 80.6 
D C 178.8 -306.2 951.2 821.8 285.9 373.9 158.4 970.3 
F 685.529857 909.754565 -1.323190
E -2.485151 68.267639 137.556322 0.213296
W C 1293.2 1897.9 361.3 1461.4 448.6 699.6 1139.8 760.6 1656.3 1078.8 1771.8 276.9 
W E -0.416 85.2 64.3 -2.924 66.3 141.8 -2.442 58.1 165.3 -0.503 117.9 59.8 -0.150 89.2 76.5 0.134 162.2 80.5 
D C 128.9 -302.7 907.0 823.3 235.7 375.3 107.0 971.2 
F 698.076699 867.292048 -1.311043
E -2.448782 67.949269 138.996932 0.226220
W C 1293.3 1898.0 361.3 1461.7 448.9 699.1 1139.7 760.8 1656.2 1078.7 1771.5 276.9 
W E -0.416 85.2 64.3 -2.924 66.3 141.7 -2.442 58.0 165.2 -0.503 117.9 59.6 -0.152 89.0 76.4 0.135 162.0 80.3 
D C 113.7 -302.3 890.0 822.9 222.3 376.8 94.9 971.5 
F 710.984519 824.788058 -1.302037
E -2.411371 67.815311 140.549339 0.232919
W C 1293.3 1898.0 361.3 1461.8 449.1 698.5 1139.6 761.0 1656.2 1078.7 1771.1 276.8 
W E -0.416 85.2 64.3 -2.923 66.2 141.7 -2.442 57.9 165.0 -0.503 117.8 59.5 -0.154 88.9 76.3 0.135 161.8 80.2 
D C 66.0 -310.7 840.0 820.9 174.6 375.8 44.1 974.0 
F 723.858048 783.649184 -1.295678
E -2.373595 67.802254 142.256931 0.236592
W C 1293.4 1898.1 361.3 1462.2 449.2 697.8 1139.4 761.2 1656.2 1078.7 1770.8 276.8 
W E -0.416 85.2 64.3 -2.923 66.2 141.6 -2.441 57.8 164.8 -0.502 117.7 59.3 -0.156 88.8 76.1 0.136 161.6 80.1 
D C 33.1 -313.4 805.3 821.5 142.7 377.7 11.2 970.1 
F 736.869145 744.451081 -1.290132
E -0.764836 144.205172 67.904460 0.239727
W C 1293.6 1898.3 361.4 1463.3 449.0 696.6 1139.3 761.5 1656.2 1078.8 1770.5 276.9 
W E -0.416 85.2 64.3 -2.923 66.2 141.5 -2.441 57.6 164.7 -0.502 117.7 59.2 -0.158 88.7 76.0 0.136 161.4 79.9 
D C 19.5 -314.1 787.0 817.8 126.4 379.8 -3.7 969.8 
F 737.664696 744.260722 -1.289709
E -0.764649 143.585333 66.532981 0.217287
W C 1293.6 1898.3 361.4 1463.1 449.1 696.1 1139.3 761.8 1656.3 1078.7 1770.1 276.9 
W E -0.416 85.2 64.3 -2.923 66.2 141.5 -2.441 57.5 164.6 -0.501 117.6 59.0 -0.160 88.6 75.9 0.137 161.2 79.8 
D C -32.5 -322.0 739.6 817.2 75.5 375.2 -57.4 971.4 
F 753.039966 703.434032 -1.222355
E -0.728839 145.722470 66.749823 0.238887
W C 1293.9 1898.3 361.6 1463.5 448.9 695.2 1139.2 762.2 1656.4 1078.8 1769.8 277.1 
W E -0.416 85.2 64.3 -2.923 66.2 141.4 -2.441 57.4 164.4 -0.501 117.5 58.9 -0.163 88.5 75.7 0.137 161.0 79.7 
D C -47.5 -322.1 722.7 813.6 62.7 376.4 -69.6 973.6 
F 771.074106 664.049248 -1.152700
E -0.691098 147.860000 67.496720 0.258828
W C 1294.1 1898.4 361.7 1463.9 448.6 694.2 1139.1 762.8 1656.6 1078.8 1769.6 277.3 
W E -0.416 85.2 64.3 -2.922 66.2 141.4 -2.440 57.2 164.3 -0.500 117.5 58.7 -0.162 88.4 75.7 0.138 160.8 79.5 
D C -112.3 -327.2 725.8 768.1 37.2 368.9 
F 792.828445 624.414308 -1.066892
E -0.653001 150.172132 68.794940 0.278449
W C 1294.1 1898.4 361.7 1463.8 448.8 694.2 1138.9 762.8 1656.7 1078.6 1769.6 277.4 
W E -0.416 85.2 64.3 -2.922 66.2 141.4 -2.440 57.2 164.2 -0.499 117.4 58.7 -0.162 88.4 75.7 0.138 160.7 79.4 
D C 737.4 716.2 29.7 360.8 
F 793.294445 623.705877 -1.069983
E -0.656027 149.810580 67.890817 0.258272
W C 1294.1 1898.3 361.8 1463.5 449.1 693.8 1138.8 763.1 1656.8 1078.6 1769.2 277.4 
W E -0.416 85.2 64.3 -2.922 66.2 141.4 -2.440 57.2 164.1 -0.499 117.4 58.6 -0.162 88.4 75.7 0.139 160.6 79.3 
D C 749.0 659.2 21.4 352.5 
F 818.963214 586.400635 -0.981120
E -0.617060 151.936247 69.143655 0.279075
W C 1294.2 1898.3 361.8 1463.4 449.3 693.5 1138.6 763.2 1656.9 1078.5 1769.0 277.5 
W E -0.416 85.2 64.3 -2.922 66.2 141.3 -2.440 57.2 164.0 -0.498 117.3 58.5 -0.162 88.4 75.7 0.139 160.4 79.2 
D C 758.7 612.0 13.7 349.5 
F 846.927735 551.179015 -0.897009
E -0.575971 153.842391 70.717833 0.291982
W C 1294.2 1898.3 361.8 1463.4 449.4 693.5 1138.5 763.1 1656.9 1078.5 1769.0 277.6 
W E -0.416 85.2 64.3 -2.922 66.2 141.3 -2.440 57.2 163.9 -0.498 117.2 58.4 -0.162 88.4 75.7 0.140 160.3 79.1 
D C 758.2 585.2 7.2 348.2 
F 877.574690 519.035594 -0.809382
E -0.534414 155.457152 72.519232 0.299639
W C 1294.2 1898.3 361.8 1463.4 449.4 693.5 1138.4 763.1 1657.0 1078.5 1769.1 277.8 
W E -0.416 85.2 64.3 -2.922 66.2 141.3 -2.440 57.2 163.8 -0.498 117.2 58.4 -0.162 88.4 75.6 0.140 160.2 79.0 
D C 770.6 508.9 -4.5 342.3 
F 877.811103 518.741277 -0.811829
E -0.540282 154.904927 71.383949 0.275550
W C 1294.2 1898.3 361.8 1463.3 449.6 693.4 1138.3 763.1 1657.0 1078.5 1768.9 277.8 
W E -0.416 85.2 64.3 -2.922 66.2 141.3 -2.440 57.2 163.7 -0.497 117.1 58.3 -0.162 88.4 75.6 0.141 160.1 79.0 
D C 766.6 476.4 -6.5 341.0 
F 912.546447 489.607601 -0.712307
E -0.502343 156.080309 72.475562 0.280129
W C 1294.3 1898.3 361.9 1463.2 449.8 693.1 1138.2 763.1 1657.0 1078.6 1768.8 277.8 
W E -0.416 85.2 64.3 -2.922 66.2 141.3 -2.440 57.2 163.6 -0.497 117.0 58.2 -0.164 88.3 75.5 0.141 159.9 78.8 
D C 760.5 392.3 151.5 927.9 -23.1 337.4 
F 949.344728 464.748170 -0.565963
E -0.465131 156.967513 73.634020 0.297458
W C 1294.3 1898.2 362.0 1463.1 450.1 692.9 1138.1 762.9 1656.8 1078.9 1768.8 277.8 
W E -0.416 85.2 64.3 -2.922 66.2 141.3 -2.440 57.2 163.5 -0.496 116.9 58.2 -0.166 88.2 75.3 0.141 159.8 78.7 
D C 755.6 338.4 180.4 910.6 -30.4 337.6 
F 986.445171 443.994272 -0.441901
E -0.428377 157.181015 74.760814 0.303406
W C 1294.4 1898.2 362.0 1463.2 450.1 693.1 1138.2 762.5 1656.5 1079.1 1768.9 278.0 
W E -0.416 85.2 64.3 -2.922 66.1 141.3 -2.440 57.2 163.5 -0.496 116.8 58.1 -0.169 88.1 75.2 0.142 159.6 78.6 
D C 757.7 290.3 220.0 892.9 -24.9 334.6 
F 1023.788342 429.282666 -0.333389
E -0.395529 156.781166 75.672087 0.296484
W C 1294.4 1898.2 362.1 1463.3 450.2 693.2 1138.2 762.3 1656.3 1079.2 1769.0 278.1 
W E -0.416 85.2 64.3 -2.922 66.1 141.3 -2.440 57.2 163.4 -0.496 116.7 58.0 -0.171 88.0 75.0 0.142 159.5 78.4 
D C 753.6 172.2 303.5 850.2 -19.5 330.7 
F 1024.639729 428.995773 -0.339238
E -0.404550 156.084821 74.028948 0.263061
W C 1294.5 1898.2 362.1 1463.2 450.4 693.0 1138.0 762.4 1656.2 1079.3 1769.1 278.1 
W E -0.416 85.2 64.3 -2.922 66.1 141.2 -2.440 57.2 163.3 -0.496 116.6 58.0 -0.173 87.9 74.9 0.142 159.3 78.3 
D C 738.4 98.5 347.6 819.4 -20.3 325.7 
F 1065.072999 420.929822 -0.217701
E -0.372173 155.398373 74.749462 0.274709
W C 1294.5 1898.2 362.1 1463.2 450.5 692.9 1137.9 762.3 1656.1 1079.3 1769.3 278.2 
W E -0.416 85.2 64.3 -2.922 66.1 141.2 -2.440 57.2 163.3 -0.496 116.5 57.9 -0.175 87.8 74.7 0.142 159.2 78.1 
D C 717.3 27.0 393.3 776.9 -18.0 321.5 
F 1105.083926 417.228880 -0.100643
E -0.341717 154.278022 75.491427 0.279498
W C 1294.5 1898.2 362.2 1463.3 450.6 692.9 1137.8 762.2 1655.9 1079.4 1769.5 278.2 
W E -0.416 85.2 64.3 -2.922 66.1 141.2 -2.441 57.2 163.3 -0.497 116.4 57.9 -0.177 87.8 74.6 0.142 159.0 78.0 
D C 686.3 -48.0 429.1 732.3 -16.8 318.1 
F 1144.456029 416.009569 0.005920
E -0.311859 152.770913 76.304796 0.283651
W C 1294.5 1898.2 362.2 1463.4 450.5 693.2 1137.9 762.0 1655.6 1079.4 1769.9 278.4 
W E -0.416 85.2 64.3 -2.922 66.1 141.2 -2.441 57.2 163.2 -0.497 116.3 57.8 -0.179 87.7 74.4 0.143 158.9 77.8 
D C 674.1 -78.4 446.2 710.7 -17.8 317.5 
F 1186.556080 419.558379 0.066114
E -0.283198 150.916614 77.127762 0.273484
W C 1294.5 1898.2 362.2 1463.4 450.4 693.3 1138.1 761.9 1655.5 1079.4 1770.2 278.4 
W E -0.416 85.2 64.3 -2.922 66.1 141.2 -2.441 57.2 163.2 -0.498 116.3 57.8 -0.180 87.6 74.3 0.143 158.7 77.7 
D C 609.6 -186.5 504.6 627.4 -14.5 310.6 
F 1187.840459 423.300720 0.086791
E -0.290509 150.314639 74.757772 0.239362
W C 1294.8 1897.8 362.2 1463.7 450.3 693.5 1137.7 762.1 1655.3 1079.7 1770.5 278.6 
W E -0.413 85.0 64.2 -2.922 66.1 141.2 -2.440 57.1 163.1 -0.498 116.1 57.7 -0.180 87.5 74.1 0.143 158.6 77.4 
D C 563.9 -251.5 530.6 579.1 277.6 1401.2 -14.4 307.3 
F 1232.923218 431.082413 0.112854
E -0.259764 148.401965 75.562500 0.249035
W C 1294.7 1897.9 362.2 1463.7 450.4 693.5 1137.7 762.2 1655.3 1079.8 1770.7 278.4 
W E -0.413 85.0 64.2 -2.922 66.1 141.2 -2.440 57.1 163.1 -0.498 116.1 57.6 -0.181 87.4 73.9 0.143 158.5 77.3 
D C 514.5 -280.6 518.6 548.9 -35.7 302.6 
F 1277.218791 441.357944 0.149000
E -0.229829 146.576019 76.403925 0.253650
W C 1294.6 1897.9 362.2 1463.7 450.4 693.5 1137.6 762.3 1655.3 1079.9 1770.9 278.1 
W E -0.413 85.0 64.2 -2.922 66.1 141.2 -2.441 57.1 163.0 -0.499 116.0 57.5 -0.181 87.3 73.7 0.143 158.3 77.1 
D C 462.0 -312.3 514.2 521.3 -55.7 302.8 
F 1320.879477 453.878513 0.184133
E -0.197518 145.029344 76.827151 0.250628
W C 1295.1 1897.6 362.1 1464.0 450.2 693.7 1136.8 762.5 1655.3 1080.3 1771.3 278.4 
W E -0.410 84.8 64.1 -2.921 66.1 141.1 -2.440 57.1 162.9 -0.498 116.0 57.5 -0.179 87.2 73.6 0.143 158.2 76.8 
D C 438.5 -324.7 505.4 512.4 343.0 1356.1 
F 1321.961012 457.126795 0.201312
E -0.201502 144.713513 75.333438 0.232838
W C 1294.9 1897.7 362.1 1463.9 450.4 693.5 1136.8 762.6 1655.3 1080.5 1771.6 278.0 
W E -0.410 84.8 64.1 -2.921 66.1 141.1 -2.440 57.1 162.9 -0.499 115.9 57.4 -0.179 87.2 73.4 0.143 158.1 76.7 
D C 383.7 -330.5 458.1 506.2 
F 1366.023919 469.628293 0.221724
E -0.168035 143.104947 75.799577 0.241259
W C 1295.1 1897.4 362.1 1464.1 450.3 693.8 1136.5 762.8 1655.2 1080.8 1771.8 278.1 
W E -0.407 84.7 64.0 -2.921 66.1 141.0 -2.440 57.1 162.8 -0.499 115.9 57.4 -0.177 87.1 73.2 0.143 158.0 76.4 
D C 366.5 -329.6 439.9 510.8 282.2 1358.8 
F 1409.142080 482.242685 0.235836
E -0.135792 141.565325 76.238959 0.244453
W C 1295.3 1897.1 362.0 1464.4 450.2 694.0 1136.3 763.0 1655.0 1081.1 1771.9 278.1 
W E -0.404 84.5 63.9 -2.921 66.1 141.0 -2.440 57.1 162.7 -0.498 115.8 57.3 -0.175 86.9 73.0 0.144 157.9 76.1 
D C 314.1 -329.4 389.6 509.6 234.2 1355.6 
F 1452.440363 494.288951 0.244817
E -0.105769 140.119840 77.241237 0.255698
W C 1295.2 1897.1 362.0 1464.4 450.2 694.0 1136.2 763.0 1655.1 1081.2 1772.1 277.9 
W E -0.404 84.5 63.9 -2.921 66.1 140.9 -2.440 57.1 162.7 -0.499 115.8 57.3 -0.174 86.9 72.9 0.144 157.8 76.0 
D C 281.4 -334.0 358.1 509.2 
F 1494.119383 506.211232 0.251934
E -0.073658 138.657227 77.893784 0.252510
W C 1295.4 1896.9 362.0 1464.8 449.8 694.5 1135.7 763.2 1655.2 1081.3 1772.5 278.1 
W E -0.401 84.3 63.8 -2.921 66.1 140.9 -2.440 57.1 162.6 -0.498 115.7 57.3 -0.172 86.7 72.7 0.143 157.6 75.7 
D C 264.3 -331.8 342.2 513.0 188.3 1362.5 
F 1494.633645 507.416550 0.257076
E -0.076899 138.118440 76.592321 0.234856
W C 1295.3 1897.0 362.0 1464.6 449.9 694.4 1135.8 763.2 1655.1 1081.5 1772.7 277.8 
W E -0.401 84.3 63.8 -2.921 66.1 140.9 -2.440 57.1 162.5 -0.499 115.7 57.3 -0.171 86.7 72.6 0.143 157.5 75.6 
D C 211.3 -333.1 291.9 512.5 
F 1538.606574 519.792534 0.260740
E -0.046432 136.782056 77.860996 0.251460
W C 1295.2 1897.0 362.0 1464.5 450.1 694.2 1136.0 763.2 1654.9 1081.6 1772.8 277.5 
W E -0.401 84.3 63.8 -2.921 66.1 140.9 -2.440 57.1 162.5 -0.499 115.7 57.2 -0.171 86.6 72.5 0.143 157.4 75.5 
D C 162.4 -332.1 238.8 514.0 
F 1580.758727 533.051952 0.322127
E -0.016039 135.436383 79.606069 0.268608
W C 1295.3 1897.0 362.0 1464.6 450.0 694.3 1135.9 763.3 1654.6 1081.7 1773.6 277.4 
W E -0.401 84.3 63.8 -2.921 66.1 140.8 -2.440 57.1 162.4 -0.499 115.7 57.2 -0.171 86.6 72.3 0.144 157.3 75.4 
D C 143.5 -331.4 221.4 517.6 
F 1620.894532 546.536226 0.374709
E 0.018161 133.867237 81.084910 0.268649
W C 1295.1 1897.0 362.0 1465.0 449.7 694.9 1135.6 763.5 1654.6 1081.7 1774.6 277.2 
W E -0.398 84.1 63.7 -2.921 66.1 140.8 -2.440 57.1 162.3 -0.499 115.6 57.2 -0.169 86.4 72.2 0.143 157.2 75.2 
D C 109.7 -338.3 205.5 510.3 87.2 1366.9 
F 1621.261867 546.830194 0.370485
E 0.019609 133.115395 79.519176 0.241157
W C 1295.2 1896.7 362.0 1465.2 449.7 695.1 1135.5 763.7 1654.3 1081.9 1774.8 277.2 
W E -0.395 83.9 63.7 -2.921 66.1 140.7 -2.440 57.1 162.3 -0.499 115.5 57.2 -0.168 86.3 72.0 0.143 157.0 75.0 
D C 51.7 -354.2 204.8 495.6 152.2 1344.3 
F 1660.574810 566.510433 0.452211
E 0.057978 131.552210 81.122166 0.257305
W C 1295.2 1896.5 361.9 1465.4 449.5 695.4 1135.4 763.9 1654.1 1082.1 1775.5 277.1 
W E -0.392 83.8 63.6 -2.921 66.1 140.7 -2.440 57.1 162.2 -0.499 115.5 57.1 -0.166 86.2 71.9 0.143 156.9 74.8 
D C -2.0 -366.8 201.7 479.7 201.0 1334.0 
F 1698.864209 590.235449 0.536635
E 0.098416 129.825735 83.051207 0.267196
W C 1295.4 1896.4 361.9 1465.6 449.5 695.6 1135.3 764.1 1653.7 1082.3 1776.2 277.0 
W E -0.389 83.6 63.5 -2.921 66.1 140.6 -2.440 57.1 162.1 -0.499 115.5 57.1 -0.165 86.1 71.8 0.144 156.7 74.6 
D C -89.3 -367.3 193.6 452.6 287.5 1303.5 
F 1733.520267 614.820722 0.607559
E 0.134164 128.051365 85.965898 0.285726
W C 1295.4 1896.5 361.9 1465.6 449.4 695.8 1135.1 764.2 1653.4 1082.5 1777.6 276.7 
W E -0.389 83.6 63.5 -2.921 66.1 140.6 -2.440 57.1 162.1 -0.499 115.4 57.1 -0.166 86.0 71.7 0.144 156.6 74.5 
D C -114.9 -367.4 192.3 445.6 
F 1733.904608 614.605352 0.604940
E 0.141019 127.689122 85.402576 0.273442
W C 1295.4 1896.5 361.9 1465.6 449.4 695.7 1135.1 764.2 1653.3 1082.5 1777.6 276.7 
W E -0.389 83.6 63.5 -2.921 66.1 140.6 -2.440 57.1 162.1 -0.499 115.4 57.1 -0.167 86.0 71.6 0.144 156.5 74.4 
D C 188.6 433.5 
F 1767.735829 644.896230 0.749433
E 0.191369 126.112487 88.501106 0.302237
W C 1295.6 1896.5 361.7 1465.5 449.5 695.6 1135.2 764.2 1653.2 1082.4 1777.6 276.8 
W E -0.389 83.6 63.5 -2.922 66.0 140.5 -2.440 57.1 162.1 -0.499 115.4 57.1 -0.168 85.9 71.5 0.143 156.5 74.4 
D C 180.2 421.1 -535.6 1553.0 
F 1796.620806 678.721142 0.900758
E 0.240943 124.131046 91.640146 0.321759
W C 1295.7 1896.5 361.7 1465.3 449.6 695.5 1135.3 764.3 1653.1 1082.2 1777.5 276.9 
W E -0.389 83.6 63.5 -2.923 65.9 140.5 -2.440 57.0 162.1 -0.499 115.4 57.1 -0.170 85.8 71.3 0.143 156.4 74.3 
D C 191.5 396.3 -394.3 1589.8 
F 1820.989818 712.162931 1.012831
E 0.281590 121.746471 94.355671 0.324482
W C 1295.9 1896.5 361.7 1465.1 449.6 695.5 1135.3 764.4 1653.0 1082.1 1777.2 277.0 
W E -0.389 83.5 63.5 -2.924 65.8 140.4 -2.440 57.0 162.1 -0.499 115.4 57.1 -0.173 85.7 71.2 0.142 156.4 74.3 
D C 195.4 385.9 -341.6 1607.4 
F 1841.311453 748.020458 1.097119
E 0.312695 119.103583 96.783611 0.316956
W C 1295.9 1896.5 361.7 1465.1 449.6 695.5 1135.3 764.5 1653.0 1082.0 1777.1 277.0 
W E -0.389 83.5 63.5 -2.925 65.7 140.3 -2.440 57.0 162.1 -0.499 115.4 57.1 -0.176 85.6 71.1 0.142 156.3 74.2 
D C 197.8 352.4 -152.7 1641.1 
F 1841.711742 747.925438 1.094286
E 0.325395 118.723588 96.158355 0.301857
W C 1295.9 1896.5 361.7 1465.1 449.6 695.5 1135.3 764.5 1652.9 1082.0 1777.2 277.1 
W E -0.389 83.5 63.5 -2.925 65.7 140.3 -2.440 57.0 162.1 -0.499 115.4 57.1 -0.177 85.6 71.0 0.141 156.3 74.2 
D C 201.8 323.6 
F 1860.111991 789.603242 1.113936
E 0.357077 115.841855 98.838553 0.299451
W C 1295.9 1896.5 361.7 1465.1 449.7 695.4 1135.4 764.4 1652.8 1082.1 1777.4 277.1 
W E -0.389 83.5 63.5 -2.926 65.6 140.2 -2.440 57.0 162.0 -0.499 115.4 57.1 -0.180 85.5 70.8 0.141 156.2 74.1 
D C 186.7 307.7 73.9 1631.5 
F 1876.366898 831.303800 1.139540
E 0.383885 113.148491 101.562590 0.298049
W C 1295.9 1896.5 361.8 1465.1 449.8 695.3 1135.5 764.4 1652.6 1082.2 1777.5 277.0 
W E -0.389 83.5 63.5 -2.926 65.5 140.2 -2.440 57.0 162.0 -0.499 115.4 57.0 -0.184 85.4 70.7 0.140 156.2 74.0 
D C 156.7 300.3 108.7 1625.6 
F 1889.018540 874.579100 1.230136
E 0.424371 110.422720 102.319421 0.285330
W C 1296.2 1896.4 361.6 1465.2 449.8 695.3 1135.5 764.3 1652.5 1082.6 1777.5 276.9 
W E -0.387 83.3 63.4 -2.927 65.4 140.1 -2.440 57.0 162.0 -0.499 115.4 57.0 -0.188 85.2 70.4 0.139 156.0 73.9 
D C 777.9 870.3 142.8 297.7 130.5 1647.7 
F 1900.842203 917.452774 1.310539
E 0.434607 107.609763 102.815563 0.281970
W C 1296.2 1896.2 361.7 1465.3 449.7 695.4 1135.4 764.4 1652.5 1082.6 1777.4 277.0 
W E -0.386 83.0 63.4 -2.928 65.3 140.0 -2.440 57.0 162.0 -0.499 115.3 57.0 -0.192 85.0 70.2 0.138 155.9 73.7 
D C 744.5 853.8 91.7 296.6 109.0 1630.4 
F 1900.869364 919.157001 1.308838
E 0.455203 107.085067 100.753384 0.263189
W C 1296.5 1896.0 361.6 1465.5 449.7 695.5 1135.4 764.6 1652.0 1082.4 1777.8 277.5 
W E -0.384 82.9 63.3 -2.928 65.3 139.9 -2.440 57.0 161.9 -0.498 115.3 57.0 -0.193 84.9 69.9 0.137 155.8 73.6 
D C 769.1 794.2 75.3 286.5 
F 1907.551968 965.105224 1.404704
E 0.305312 104.320700 101.966138 0.286049
W C 1296.8 1895.9 361.5 1465.6 449.7 695.6 1135.3 764.7 1651.7 1082.2 1778.0 278.0 
W E -0.381 82.7 63.3 -2.928 65.2 139.9 -2.440 57.0 161.9 -0.498 115.3 57.0 -0.195 84.8 69.7 0.136 155.8 73.4 
D C 796.1 731.6 59.8 275.2 
F 1910.438588 1011.337588 1.494807
E -0.559267 103.717604 100.857261 0.300173
W C 1296.9 1895.8 361.5 1465.7 449.6 695.7 1135.3 764.8 1651.5 1082.0 1778.2 278.3 
W E -0.379 82.5 63.2 -2.928 65.2 139.9 -2.440 57.0 161.8 -0.498 115.3 57.0 -0.195 84.7 69.4 0.135 155.7 73.3 
D C 798.9 673.2 39.8 269.8 
F 1910.197383 1055.421116 1.576745
E -0.662182 103.922316 98.056027 0.293954
W C 1296.9 1895.7 361.4 1465.8 449.8 695.8 1135.2 764.8 1651.5 1082.1 1778.0 278.2 
W E -0.377 82.3 63.1 -2.928 65.2 139.8 -2.440 56.9 161.8 -0.498 115.2 57.0 -0.195 84.6 69.0 0.134 155.6 73.2 
D C 806.7 646.7 27.1 268.4 -373.5 1413.0 
F 1908.877536 1058.448381 1.578330
E -0.484503 100.703757 97.365316 0.263415
W C 1297.0 1895.6 361.4 1466.0 449.8 695.9 1135.2 765.0 1651.0 1081.5 1778.5 278.9 
W E -0.375 82.1 63.1 -2.928 65.1 139.8 -2.440 56.9 161.8 -0.498 115.2 57.0 -0.193 84.4 68.7 0.134 155.5 73.0 
D C 816.6 568.6 474.0 1516.4 -0.2 265.4 
F 1902.873464 1105.382472 1.671567
E -0.619402 101.899225 94.845814 0.290063
W C 1296.8 1895.8 361.4 1466.2 449.9 696.0 1135.2 765.1 1651.0 1080.7 1778.9 279.4 
W E -0.375 82.1 63.1 -2.929 65.0 139.7 -2.440 56.9 161.8 -0.498 115.2 57.0 -0.191 84.4 68.5 0.133 155.5 73.0 
D C 572.4 1473.6 -29.0 267.1 
F 1893.888630 1148.913656 1.762341
E -0.646947 102.008658 92.751041 0.291168
W C 1296.8 1895.7 361.4 1466.3 449.8 696.1 1135.1 765.2 1650.9 1080.8 1778.8 279.4 
W E -0.373 81.9 63.0 -2.930 64.9 139.6 -2.440 56.9 161.7 -0.498 115.2 56.9 -0.190 84.3 68.4 0.133 155.5 72.9 
D C 817.8 457.5 599.2 1437.2 
F 1881.501575 1192.402112 1.850493
E -0.654958 102.101576 90.842837 0.292241
W C 1296.8 1895.6 361.5 1466.4 449.7 696.2 1135.1 765.2 1650.9 1081.0 1778.7 279.4 
W E -0.372 81.7 63.0 -2.930 64.8 139.6 -2.440 56.9 161.7 -0.498 115.2 56.9 -0.189 84.2 68.3 0.133 155.5 72.9 
D C 813.0 394.5 662.2 1391.8 
F 1866.957140 1233.102611 1.931059
E -0.655694 101.987762 89.181152 0.290404
W C 1296.9 1895.4 361.5 1466.4 449.7 696.3 1135.0 765.3 1650.9 1081.2 1778.6 279.4 
W E -0.371 81.5 62.9 -2.930 64.7 139.5 -2.440 56.9 161.7 -0.498 115.2 56.9 -0.187 84.2 68.3 0.133 155.5 72.8 
D C 801.2 338.3 710.7 1352.0 
F 1865.101619 1233.716465 1.937094
E -0.728949 99.778175 88.435626 0.253027
W C 1296.9 1895.2 361.5 1466.6 449.7 696.5 1134.9 765.4 1650.6 1081.2 1778.6 279.5 
W E -0.371 81.4 62.9 -2.931 64.6 139.4 -2.440 56.8 161.6 -0.497 115.2 56.9 -0.186 84.1 68.2 0.133 155.5 72.8 
D C 783.6 281.0 764.5 1295.6 35.1 1477.0 
F 1843.029674 1274.289055 2.034576
E -0.741345 99.718907 86.278830 0.259812
W C 1296.9 1895.1 361.5 1466.7 449.8 696.8 1134.8 765.4 1650.4 1081.2 1778.5 279.6 
W E -0.371 81.2 62.8 -2.931 64.4 139.3 -2.440 56.7 161.6 -0.497 115.1 56.9 -0.186 84.0 68.2 0.133 155.4 72.8 
D C 764.5 209.6 833.2 1216.3 116.1 1466.2 
F 1819.797669 1312.907343 2.114587
E -0.742093 99.545468 83.900965 0.255078
W C 1296.9 1895.0 361.5 1466.8 449.9 696.9 1135.0 765.5 1650.1 1081.1 1778.3 279.5 
W E -0.371 81.0 62.7 -2.932 64.3 139.3 -2.440 56.6 161.5 -0.497 115.1 56.9 -0.185 84.0 68.1 0.133 155.4 72.7 
D C 750.4 188.6 850.1 1201.2 138.7 1465.5 -131.7 814.5 
F 1794.172285 1349.196194 2.190813
E -0.735051 99.271409 81.618218 0.251915
W C 1296.7 1894.8 361.4 1467.0 450.0 697.1 1135.1 765.7 1650.0 1081.0 1778.1 279.4 
W E -0.371 80.8 62.7 -2.932 64.2 139.2 -2.440 56.5 161.5 -0.497 115.1 56.8 -0.185 83.9 68.0 0.132 155.4 72.7 
D C 727.1 133.6 899.2 1132.4 210.0 1454.1 -106.8 819.3 
F 1792.619662 1349.144081 2.194752
E -0.773028 97.889931 80.457999 0.223290
W C 1296.7 1894.6 361.4 1467.1 450.1 697.4 1135.2 765.9 1649.8 1080.9 1777.9 279.4 
W E -0.371 80.7 62.6 -2.932 64.1 139.1 -2.440 56.4 161.4 -0.497 115.0 56.7 -0.185 83.8 68.0 0.132 155.4 72.7 
D C 698.3 82.3 944.5 1076.4 270.3 1433.5 -82.0 825.8 
F 1762.314052 1382.476624 2.285911
E -0.755222 97.673171 78.146550 0.238278
W C 1296.7 1894.5 361.4 1467.3 450.1 697.6 1135.3 766.1 1649.5 1080.8 1777.8 279.4 
W E -0.372 80.5 62.5 -2.932 64.0 139.0 -2.440 56.4 161.4 -0.497 115.0 56.7 -0.185 83.8 67.9 0.132 155.4 72.6 
D C 666.6 37.4 967.4 1005.2 325.5 1413.6 -64.3 828.6 
F 1729.108493 1413.262775 2.376219
E -0.734996 97.341441 76.055685 0.244570
W C 1296.6 1894.3 361.3 1467.5 450.1 697.9 1135.3 766.4 1649.4 1080.7 1777.6 279.4 
W E -0.373 80.3 62.4 -2.932 63.9 139.0 -2.439 56.3 161.3 -0.496 114.9 56.6 -0.185 83.7 67.8 0.132 155.4 72.6 
D C 622.5 -24.4 1014.1 914.9 411.7 1376.0 -33.9 834.3 
F 1695.227920 1441.638935 2.452059
E -0.715305 96.892220 74.192315 0.246449
W C 1296.4 1894.1 361.3 1467.7 450.1 698.2 1135.4 766.6 1649.3 1080.6 1777.4 279.3 
W E -0.374 80.2 62.3 -2.932 63.8 138.9 -2.439 56.2 161.3 -0.496 114.9 56.5 -0.185 83.7 67.8 0.132 155.4 72.6 
D C 604.6 -51.6 1023.5 862.5 449.3 1363.5 -13.3 827.0 
F 1660.724244 1467.230425 2.522936
E -0.698810 96.354066 72.550149 0.246090
W C 1296.1 1894.0 361.4 1467.9 450.1 698.4 1135.5 766.9 1649.4 1080.4 1777.1 279.2 
W E -0.375 80.0 62.2 -2.932 63.7 138.8 -2.439 56.1 161.2 -0.496 114.9 56.4 -0.184 83.6 67.7 0.132 155.3 72.5 
D C 568.7 -89.3 1040.7 798.1 498.2 1330.7 -0.6 831.2 
F 1659.722565 1466.795219 2.526549
E -0.719889 95.249712 71.196611 0.218688
W C 1295.9 1893.8 361.4 1468.1 450.1 698.7 1135.5 767.1 1649.2 1080.4 1777.0 279.1 
W E -0.376 79.8 62.1 -2.933 63.5 138.7 -2.439 56.0 161.2 -0.496 114.8 56.4 -0.184 83.6 67.7 0.132 155.3 72.5 
D C 527.9 -130.1 1061.6 724.8 555.9 1288.5 29.9 827.4 
F 1621.101107 1489.164665 2.592641
E -0.701341 94.691264 69.642587 0.230523
W C 1295.7 1893.6 361.4 1468.3 450.1 699.0 1135.5 767.3 1649.2 1080.3 1776.8 279.0 
W E -0.378 79.7 62.0 -2.932 63.4 138.6 -2.439 55.9 161.1 -0.495 114.8 56.3 -0.184 83.6 67.6 0.132 155.3 72.5 
D C 489.8 -161.4 1074.0 658.4 599.7 1250.5 49.9 822.7 
F 1580.492471 1509.892617 2.615402
E -0.688164 94.054075 68.400223 0.232261
W C 1295.6 1893.5 361.4 1468.5 450.1 699.2 1135.6 767.5 1649.2 1080.2 1776.6 279.0 
W E -0.380 79.5 61.9 -2.932 63.3 138.6 -2.439 55.8 161.1 -0.495 114.8 56.2 -0.184 83.5 67.6 0.132 155.3 72.4 
D C 424.9 -203.8 1063.6 573.7 634.1 1206.3 54.5 815.3 
F 1541.082631 1529.882405 2.633260
E -0.681258 93.427430 67.432256 0.232622
W C 1295.3 1893.3 361.4 1468.8 450.0 699.5 1135.5 767.8 1649.3 1080.1 1776.4 278.9 
W E -0.383 79.3 61.8 -2.932 63.2 138.5 -2.438 55.7 161.0 -0.495 114.7 56.2 -0.183 83.5 67.5 0.132 155.3 72.4 
D C 408.4 -202.0 1043.3 583.6 616.2 1207.9 36.9 814.5 
F 1540.111634 1528.865917 2.640311
E -0.695268 92.411967 66.009459 0.209309
W C 1295.1 1893.2 361.5 1468.9 450.0 699.7 1135.6 768.0 1649.2 1080.0 1776.2 278.8 
W E -0.385 79.2 61.7 -2.932 63.1 138.4 -2.438 55.6 160.9 -0.495 114.7 56.1 -0.183 83.5 67.5 0.132 155.2 72.4 
D C 380.0 -201.3 1007.7 584.2 584.3 1208.8 4.4 815.2 
F 1500.172993 1549.410371 2.645693
E -0.676037 92.454441 66.060513 0.230370
W C 1294.9 1893.1 361.6 1469.1 450.1 699.9 1135.6 768.1 1649.2 1079.9 1776.1 278.8 
W E -0.387 79.1 61.6 -2.932 63.0 138.3 -2.438 55.5 160.9 -0.494 114.7 56.1 -0.183 83.5 67.5 0.132 155.2 72.4 
D C 962.2 581.7 529.8 1207.7 -43.5 821.1 
F 1461.179311 1569.523604 2.652664
E -0.680966 91.770448 65.629582 0.230905
W C 1294.5 1892.9 361.7 1469.4 450.0 700.3 1135.6 768.4 1649.3 1079.8 1775.8 278.7 
W E -0.392 78.9 61.5 -2.932 62.8 138.2 -2.438 55.5 160.9 -0.494 114.6 56.0 -0.183 83.4 67.4 0.132 155.2 72.4 
D C 314.8 -199.0 943.1 578.1 513.7 1211.2 -58.9 823.9 
F 1422.181051 1589.802614 2.653374
E -0.693864 91.058482 65.463977 0.230892
W C 1294.1 1892.8 361.9 1469.7 450.0 700.6 1135.6 768.6 1649.4 1079.7 1775.6 278.5 
W E -0.396 78.7 61.4 -2.932 62.7 138.1 -2.437 55.4 160.8 -0.494 114.6 55.9 -0.182 83.4 67.4 0.132 155.2 72.3 
D C 265.7 -198.0 891.4 580.9 465.3 1208.9 -108.0 828.4 
F 1382.050030 1609.395692 2.664329
E -0.683951 91.176242 66.973899 0.242711
W C 1294.0 1892.6 361.8 1469.8 449.9 700.8 1135.5 768.7 1649.5 1079.7 1775.5 278.5 
W E -0.399 78.7 61.3 -2.932 62.6 138.1 -2.437 55.3 160.8 -0.494 114.6 55.9 -0.183 83.4 67.4 0.131 155.2 72.3 
D C 869.8 582.1 451.0 1216.1 -123.8 830.4 
F 1381.490493 1609.170575 2.664111
E -0.680286 90.759960 66.027925 0.223067
W C 1293.8 1892.6 361.9 1469.8 450.0 700.9 1135.5 768.8 1649.4 1079.6 1775.4 278.4 
W E -0.401 78.6 61.3 -2.932 62.5 138.1 -2.437 55.2 160.8 -0.494 114.6 55.8 -0.183 83.4 67.4 0.131 155.2 72.3 
D C 819.7 578.2 395.0 1211.1 -171.4 832.0 
F 1340.005007 1627.479542 2.733406
E -0.666187 91.071460 67.872282 0.245888
W C 1293.8 1892.6 362.0 1469.7 450.1 700.9 1135.6 768.9 1649.3 1079.5 1775.4 278.4 
W E -0.403 78.5 61.3 -2.932 62.5 138.0 -2.437 55.1 160.7 -0.494 114.5 55.8 -0.183 83.4 67.4 0.131 155.2 72.3 
D C 786.8 577.0 369.8 1208.9 -199.2 836.0 
F 1299.036274 1643.032333 2.802311
E -0.654623 91.312362 70.136536 0.257774
W C 1293.9 1892.6 361.9 1469.5 450.1 700.8 1135.6 769.0 1649.2 1079.4 1775.3 278.4 
W E -0.405 78.5 61.2 -2.932 62.4 138.0 -2.437 55.1 160.7 -0.493 114.5 55.7 -0.183 83.4 67.3 0.131 155.1 72.3 
D C 791.9 547.7 397.6 1194.2 -178.9 841.8 
F 1256.332852 1655.914433 2.874612
E -0.649472 91.516201 72.814321 0.264951
W C 1294.1 1892.6 361.8 1469.3 450.2 700.8 1135.6 769.2 1649.2 1079.3 1775.2 278.3 
W E -0.406 78.5 61.2 -2.932 62.3 137.9 -2.437 55.0 160.7 -0.493 114.5 55.7 -0.183 83.4 67.3 0.131 155.1 72.3 
D C 800.5 487.3 456.3 1164.3 -151.4 853.1 
F 1256.409594 1656.366857 2.868962
E -0.648025 91.193201 71.488912 0.239053
W C 1294.0 1892.6 361.9 1469.2 450.2 700.8 1135.6 769.3 1649.2 1079.3 1775.2 278.3 
W E -0.408 78.4 61.2 -2.933 62.3 137.9 -2.437 54.9 160.7 -0.493 114.5 55.6 -0.183 83.4 67.3 0.131 155.1 72.3 
D C 792.5 440.1 486.3 1136.8 -131.6 864.4 
F 1211.774956 1663.784846 2.960225
E -0.648141 91.314706 74.207744 0.255562
W C 1293.9 1892.6 361.9 1469.2 450.2 700.9 1135.6 769.3 1649.1 1079.2 1775.1 278.3 
W E -0.409 78.4 61.2 -2.933 62.2 137.9 -2.437 54.9 160.7 -0.493 114.5 55.6 -0.183 83.4 67.3 0.131 155.1 72.3 
D C 783.9 354.0 551.8 1073.5 -89.2 871.4 
F 1167.615134 1669.042678 3.015594
E -0.671573 91.322049 77.018913 0.258750
W C 1294.0 1892.6 361.9 1469.1 450.3 701.0 1135.5 769.4 1649.2 1079.2 1775.1 278.2 
W E -0.410 78.3 61.2 -2.933 62.1 137.8 -2.437 54.8 160.6 -0.493 114.5 55.5 -0.183 83.4 67.3 0.131 155.1 72.3 
D C 773.2 321.0 577.4 1051.0 -73.1 872.3 
F 1122.963277 1672.074098 3.032210
E -0.725857 91.407819 79.887512 0.257403
W C 1294.1 1892.6 361.9 1469.0 450.2 700.9 1135.5 769.5 1649.2 1079.2 1775.0 278.2 
W E -0.412 78.3 61.1 -2.933 62.1 137.8 -2.436 54.8 160.6 -0.493 114.4 55.5 -0.183 83.4 67.3 0.131 155.1 72.3 
D C 760.3 264.8 611.3 1007.6 -49.1 875.8 
F 1078.770386 1674.747105 3.048143
E -2.397584 82.599067 91.742659 0.256049
W C 1294.2 1892.6 361.8 1468.9 450.2 700.9 1135.4 769.6 1649.2 1079.2 1775.0 278.2 
W E -0.413 78.2 61.1 -2.933 62.0 137.7 -2.436 54.7 160.6 -0.493 114.4 55.5 -0.183 83.4 67.3 0.131 155.1 72.3 
D C 717.7 259.9 567.3 1010.5 -90.0 879.8 
F 1078.686962 1673.824288 3.053668
E -2.360981 81.304354 91.225775 0.232500
W C 1294.2 1892.6 361.8 1468.9 450.3 700.9 1135.4 769.6 1649.2 1079.2 1775.0 278.2 
W E -0.414 78.2 61.1 -2.933 61.9 137.7 -2.436 54.6 160.6 -0.493 114.4 55.4 -0.183 83.4 67.3 0.131 155.1 72.3 
D C 700.2 258.4 553.8 1008.0 -106.8 882.8 
F 1034.125307 1677.267330 3.056265
E -2.503709 83.812241 91.828451 0.243255
W C 1294.2 1892.5 361.8 1468.8 450.3 700.9 1135.3 769.7 1649.2 1079.1 1774.9 278.2 
W E -0.415 78.2 61.1 -2.934 61.9 137.6 -2.436 54.6 160.6 -0.493 114.4 55.4 -0.183 83.4 67.2 0.131 155.1 72.3 
D C 647.3 264.1 502.1 1014.8 -159.5 883.0 
F 989.808370 1680.128645 3.061937
E -2.717154 85.843342 93.124873 0.249007
W C 1294.3 1892.6 361.8 1468.7 450.3 700.9 1135.3 769.7 1649.2 1079.2 1774.9 278.2 
W E -0.416 78.1 61.1 -2.934 61.8 137.6 -2.436 54.5 160.5 -0.493 114.4 55.3 -0.183 83.3 67.2 0.131 155.1 72.3 
D C 631.6 262.2 485.8 1013.0 -177.4 888.3 
F 945.691852 1682.726341 3.070943
E -2.932187 87.113143 95.309509 0.251874
W C 1294.5 1892.6 361.7 1468.6 450.2 700.9 1135.2 769.8 1649.3 1079.2 1774.9 278.2 
W E -0.417 78.1 61.1 -2.934 61.8 137.5 -2.436 54.5 160.5 -0.493 114.4 55.3 -0.183 83.3 67.2 0.131 155.1 72.3 
D C 597.3 265.3 449.4 1015.8 -211.3 886.6 
F 945.555259 1683.170246 3.067353
E -2.880051 86.425159 94.300630 0.229676
W C 1294.4 1892.6 361.8 1468.5 450.3 700.9 1135.2 769.8 1649.3 1079.2 1774.9 278.2 
W E -0.418 78.1 61.1 -2.935 61.7 137.5 -2.436 54.4 160.5 -0.492 114.3 55.3 -0.183 83.3 67.2 0.131 155.1 72.3 
D C 549.5 266.6 401.0 1013.9 -258.8 889.9 
F 900.477227 1686.378275 3.068126
E -3.050085 87.295647 97.047944 0.242750
W C 1294.5 1892.6 361.7 1468.5 450.2 700.9 1135.1 769.8 1649.3 1079.2 1774.9 278.2 
W E -0.419 78.1 61.0 -2.935 61.7 137.4 -2.436 54.4 160.5 -0.492 114.3 55.2 -0.183 83.3 67.2 0.131 155.1 72.3 
D C 534.7 265.6 387.7 1016.7 -272.4 895.5 
F 856.506464 1689.898620 3.067055
E 3.135432 87.773137 100.428127 0.255666
W C 1294.6 1892.6 361.7 1468.4 450.2 700.9 1135.1 769.9 1649.3 1079.2 1774.9 278.2 
W E -0.420 78.0 61.0 -2.935 61.6 137.4 -2.436 54.3 160.4 -0.492 114.3 55.2 -0.183 83.3 67.2 0.131 155.1 72.3 
D C 487.4 268.7 335.3 1017.6 
F 812.121950 1693.021643 3.070786
E 3.075493 88.112558 104.162482 0.263713
W C 1294.7 1892.6 361.6 1468.4 450.2 700.9 1135.1 769.9 1649.3 1079.2 1774.8 278.2 
W E -0.420 78.0 61.0 -2.935 61.5 137.3 -2.436 54.3 160.4 -0.492 114.3 55.2 -0.183 83.3 67.2 0.131 155.1 72.3 
D C 455.4 265.9 303.6 1014.8 
F 812.251855 1693.358216 3.069196
E 3.090215 87.703266 103.051794 0.243949
W C 1294.7 1892.6 361.6 1468.3 450.2 700.9 1135.1 769.9 1649.3 1079.2 1774.8 278.2 
W E -0.421 78.0 61.0 -2.936 61.5 137.3 -2.435 54.2 160.4 -0.492 114.3 55.2 -0.183 83.3 67.2 0.131 155.1 72.3 
D C 436.2 267.4 290.6 1016.7 
F 767.471539 1697.182755 3.066169
E 3.045924 88.000191 106.893057 0.257655
W C 1294.7 1892.6 361.6 1468.3 450.2 701.0 1135.1 769.9 1649.3 1079.2 1774.8 278.2 
W E -0.422 78.0 61.0 -2.936 61.4 137.2 -2.435 54.2 160.4 -0.492 114.3 55.2 -0.183 83.3 67.2 0.131 155.1 72.3 
D C 389.4 271.1 237.9 1018.8 
F 723.259042 1700.446901 3.066962
E 3.014459 88.229770 110.942454 0.265522
W C 1294.8 1892.6 361.5 1468.3 450.1 701.0 1135.1 769.9 1649.3 1079.2 1774.8 278.1 
W E -0.422 77.9 61.0 -2.936 61.4 137.2 -2.435 54.2 160.3 -0.492 114.3 55.2 -0.183 83.3 67.2 0.131 155.1 72.3 
D C 372.0 272.8 218.6 1021.1 
F 679.042893 1703.535570 3.071730
E 2.990903 88.389834 115.171260 0.270246
W C 1294.9 1892.6 361.4 1468.3 450.1 701.0 1135.1 769.9 1649.4 1079.1 1774.8 278.1 
W E -0.423 77.9 61.0 -2.937 61.3 137.1 -2.435 54.1 160.3 -0.492 114.3 55.2 -0.183 83.3 67.2 0.130 155.0 72.3 
D C 327.8 272.8 173.6 1023.7 
F 637.015324 1705.536244 3.078746
E 2.972769 88.426122 119.348118 0.271762
W C 1295.2 1892.6 361.1 1468.3 450.1 700.9 1135.1 769.9 1649.4 1079.1 1774.8 278.1 
W E -0.423 77.9 61.0 -2.937 61.2 137.0 -2.435 54.1 160.3 -0.492 114.3 55.2 -0.183 83.3 67.2 0.130 155.0 72.3 
D C 311.1 273.8 154.6 1026.0 
F 631.026926 1706.401511 3.079707
E 2.970621 87.996670 118.950450 0.251620
W C 1295.3 1892.6 361.0 1468.3 450.1 700.9 1135.1 769.9 1649.4 1079.1 1774.7 278.1 
W E -0.424 77.9 61.0 -2.938 61.2 137.0 -2.435 54.0 160.3 -0.492 114.3 55.2 -0.183 83.3 67.2 0.130 155.0 72.3 
D C 275.0 275.4 119.7 1028.7 
F 630.889020 1707.774960 3.072445
E 2.972710 87.619914 118.034642 0.236840
W C 1295.2 1892.6 361.1 1468.3 450.1 700.9 1135.1 769.9 1649.4 1079.1 1774.8 278.1 
W E -0.425 77.9 61.0 -2.938 61.1 136.9 -2.435 54.0 160.2 -0.492 114.3 55.2 -0.183 83.3 67.2 0.130 155.0 72.3 
D C 236.5 272.9 87.6 1026.0 
F 630.798802 1708.694100 3.067736
E 2.976204 87.269938 117.318869 0.225773
W C 1295.2 1892.6 361.2 1468.2 450.0 700.9 1135.0 769.9 1649.4 1079.2 1774.8 278.1 
W E -0.425 77.8 61.0 -2.939 61.1 136.9 -2.435 54.0 160.2 -0.492 114.3 55.2 -0.183 83.3 67.2 0.130 155.0 72.3 
D C 238.9 274.0 90.6 1024.0 
F 630.735162 1709.386154 3.064274
E 2.980488 86.939871 116.730623 0.217121
W C 1295.2 1892.6 361.3 1468.1 450.0 701.0 1135.0 769.9 1649.4 1079.2 1774.7 278.1 
W E -0.425 77.8 61.0 -2.939 61.0 136.8 -2.435 53.9 160.2 -0.492 114.3 55.2 -0.183 83.3 67.2 0.130 155.0 72.2 
D C 240.1 275.4 90.5 1022.8 
F 630.648869 1709.883495 3.061694
E 2.985212 86.625611 116.230313 0.210137
W C 1295.2 1892.6 361.4 1468.0 449.9 701.0 1135.0 770.0 1649.4 1079.2 1774.7 278.1 
W E -0.426 77.8 61.0 -2.940 60.9 136.8 -2.435 53.9 160.2 -0.492 114.3 55.2 -0.183 83.3 67.2 0.130 155.0 72.2 
D C 239.5 274.7 90.1 1019.0 
F 630.580893 1710.315767 3.059647
E 2.990165 86.324484 115.794332 0.204358
W C 1295.1 1892.6 361.5 1467.9 449.9 701.1 1135.0 770.0 1649.4 1079.2 1774.7 278.2 
W E -0.426 77.8 61.0 -2.940 60.9 136.7 -2.435 53.9 160.2 -0.492 114.3 55.2 -0.183 83.3 67.2 0.130 155.0 72.2 
D C 238.7 273.7 90.6 1024.2 
F 630.518866 1710.674636 3.058010
E 2.995217 86.034713 115.407449 0.199481
W C 1295.1 1892.6 361.6 1467.9 449.8 701.1 1135.0 770.0 1649.4 1079.2 1774.7 278.2 
W E -0.427 77.8 61.0 -2.940 60.8 136.7 -2.435 53.8 160.1 -0.492 114.3 55.2 -0.183 83.3 67.2 0.130 155.0 72.2 
D C 238.7 273.7 90.6 1024.6 
F 630.467518 1710.977912 3.056673
E 3.000284 85.755017 115.059384 0.195297
W C 1295.1 1892.6 361.6 1467.8 449.8 701.1 1135.0 770.0 1649.4 1079.2 1774.7 278.2 
W E -0.427 77.8 61.0 -2.941 60.8 136.6 -2.435 53.8 160.1 -0.492 114.3 55.2 -0.183 83.3 67.2 0.130 155.0 72.2 
D C 239.2 274.3 90.6 1024.1 
