F 1801.713691 1829.364554 3.725086
E -0.703321 11.596677 6.886646 0.133842
F 1800.615195 1829.962507 3.725872
E -0.741053 8.330929 4.920405 0.112715
F 1800.275132 1830.848458 3.726552
E -0.757348 6.880404 4.032023 0.099211
F 1799.987382 1830.429490 3.726705
E -0.766377 6.004672 3.498185 0.089629
F 1800.008662 1830.010424 3.726669
E -0.772195 5.399744 3.132379 0.082376
F 1799.698070 1829.805680 3.726784
E -0.776252 4.948599 2.861699 0.076640
F 1799.533949 1829.813639 3.726918
E -0.779258 4.595233 2.650932 0.071956
F 1799.426461 1829.925810 3.727065
E -0.781563 4.308628 2.480787 0.068038
F 1799.372693 1830.038909 3.727183
E -0.783383 4.070036 2.339685 0.064698
F 1799.355894 1829.978151 3.727149
E -0.784859 3.867347 2.220204 0.061805
F 1799.312245 1830.122861 3.727275
E -2.356880 2.117340 3.692315 0.059269
F 1799.358400 1830.153672 3.727299
E -2.357905 2.027556 3.539184 0.057021
F 1799.522714 1830.196892 3.727275
E -2.358790 1.948294 3.403739 0.055011
F 1787.754256 1822.969544 3.713925
E 0.489048 4.818035 2.861678 0.083278
F 1770.780279 1809.965073 3.735511
E 0.426640 6.292498 3.872334 0.102995
F 1745.807600 1793.162939 -2.555990
E 0.292977 6.560601 4.824300 0.101597
F 1710.798833 1777.972689 -2.633823
E 0.276861 6.732432 5.610828 0.109793
F 1700.066688 1775.402653 -2.659001
E 0.009004 5.200155 4.655618 0.090489
F 1646.906619 1747.119930 -2.641794
E 0.280836 6.789634 5.111577 0.108836
F 1612.178354 1727.142762 -2.623760
E 0.282044 7.058168 5.443520 0.107886
F 1583.662107 1711.299127 -2.623649
E 0.310865 7.193499 5.485072 0.107507
F 1553.269353 1692.052032 -2.600525
E 0.330249 7.322975 5.394026 0.107271
F 1549.445289 1688.796561 -2.586922
E 0.265091 5.631455 4.494450 0.089406
F 1505.029193 1660.623989 -2.575805
E 0.425378 7.295988 4.657851 0.106115
F 1476.983707 1631.043522 -2.459357
E 0.300489 7.709515 5.528371 0.116339
F 1467.892925 1621.938007 -2.435589
E 0.197856 6.033138 4.602550 0.096084
F 1432.011390 1580.596863 -2.352927
E 0.447211 7.408580 5.015414 0.106543
F 1397.041539 1562.599638 -2.507855
E 0.471915 7.642097 4.802931 0.101810
F 1368.730250 1545.444586 -2.551399
E 0.402377 7.815303 4.526306 0.100730
F 1333.923683 1510.946338 -2.442281
E 0.440495 7.833169 4.767412 0.103915
F 1312.856281 1493.184518 -2.462397
E 0.547114 7.778028 4.980803 0.103787
F 1304.962705 1488.139640 -2.477380
E 0.513431 6.032981 4.139059 0.086274
F 1254.939788 1453.740250 -2.527377
E 0.601505 7.670812 4.337697 0.102343
F 1227.953955 1434.656048 -2.529610
E 0.585987 7.932303 4.672645 0.101085
F 1192.371687 1411.462629 -2.548752
E 0.602766 8.026632 4.783905 0.101304
F 1187.244650 1408.409875 -2.553740
E 0.604071 6.237814 3.983556 0.084304
F 1154.433202 1383.752691 -2.525473
E 0.541113 8.120140 4.478824 0.108533
F 1125.843098 1363.728964 -2.533803
E 0.536105 8.502465 5.133767 0.107263
F 1095.666880 1347.770907 -2.586188
E 0.540248 8.675030 5.324883 0.107546
F 1058.666589 1327.386187 -2.612040
E 0.530019 8.850506 5.303658 0.108056
F 1055.446638 1324.055894 -2.598829
E 0.530746 6.975426 4.413912 0.090796
F 1019.587354 1301.572923 -2.589764
E 0.544801 8.715008 4.589049 0.107231
F 989.539110 1284.009033 -2.599394
E 0.569281 9.158483 4.948897 0.105764
F 959.590830 1266.292594 -2.602510
E 0.584615 9.373184 5.054567 0.105908
F 957.384692 1265.147444 -2.603691
E 0.595595 7.454361 4.194933 0.088787
F 916.487413 1241.527629 -2.612348
E 0.591536 9.219391 4.426780 0.105677
F 884.155415 1223.464977 -2.619546
E 0.607223 9.728273 4.801054 0.104568
F 858.650866 1207.988400 -2.606774
E 0.617434 9.987183 4.920489 0.105167
F 827.460402 1198.339018 -2.691394
E 0.600882 10.230811 5.447118 0.114845
F 816.099737 1193.593580 -2.706211
E 0.612838 8.220428 4.552642 0.096548
F 779.767784 1178.700313 -2.719174
E 0.532624 9.919613 5.119466 0.114643
F 744.258311 1159.958010 -2.682614
E 0.526867 10.449969 5.586618 0.114077
F 719.913826 1147.260508 -2.667281
E 0.532415 10.755204 5.700052 0.114199
F 711.629034 1146.987914 -2.700861
E 0.485914 8.919520 5.025597 0.101192
F 663.278640 1126.251450 -2.720613
E 0.377474 11.225739 5.761842 0.125483
F 627.505950 1111.204577 -2.724476
E 0.285991 12.762707 6.373232 0.125316
F 589.769068 1091.877063 -2.695713
E 0.234129 14.172450 6.496661 0.125340
F 588.785664 1088.171416 -2.661707
E 0.225001 12.376856 5.333551 0.107411
F 551.034952 1066.632551 -2.641609
E 0.236051 14.774599 5.805104 0.126577
F 513.041353 1042.130730 -2.607223
E 0.208347 17.163187 6.198297 0.128391
F 475.754868 1024.770027 -2.648945
E 0.191671 19.903998 6.358703 0.129715
F 438.358585 1003.375280 -2.600288
E 0.191512 23.161188 6.442571 0.135025
F 438.376136 1001.366967 -2.583425
E 0.185015 22.641922 5.258057 0.116639
F 403.176892 972.875278 -2.482476
E 0.260281 25.461628 7.203431 0.150665
F 395.472717 943.233474 -2.322938
E 0.547565 19.229480 7.220814 0.145731
F 381.097927 920.249591 -2.279143
E 0.735502 18.318620 6.675467 0.142611
F 358.971925 888.011441 -2.209214
E 2.407679 6.316124 18.642294 0.136230
F 358.898821 887.004752 -2.210063
E 2.392442 5.243589 16.349810 0.116153
F 334.902976 851.492923 -2.160569
E 2.496336 5.458131 18.706775 0.132327
F 310.549285 815.162510 -2.128948
E 2.548123 6.995283 22.002492 0.150210
F 288.263177 777.267076 -2.073530
E 2.641763 7.932677 25.126012 0.156017
F 268.079306 736.760411 -2.010399
E 2.789828 8.314872 28.018248 0.171243
F 268.079306 736.760411 -2.010399
E 2.789828 8.314872 28.018248 0.171243
F 266.588938 684.465350 -1.707707
E 2.834592 8.388301 31.600898 0.175813
F 267.106608 641.450835 -1.568051
E 2.887999 8.581498 34.409787 0.178683
F 276.418308 598.380696 -1.390174
E 2.968298 14.965146 37.438745 0.276062
F 283.260975 606.318909 -1.353572
E 3.025465 7.322108 29.261461 0.158884
F 299.850347 570.254435 -1.212165
E -3.071080 8.002979 31.033621 0.185746
F 316.975350 533.737477 -1.123322
E -2.941355 8.402933 33.150730 0.182605
F 337.807287 499.454523 -1.026129
E -2.865057 8.483010 34.978011 0.174420
F 334.942333 503.242473 -1.058487
E -2.968489 6.342481 24.126745 0.136249
F 361.773927 472.477914 -0.912550
E -2.960956 6.580834 21.534383 0.150551
F 377.352931 455.949812 -0.891374
E -2.947754 7.008283 20.200048 0.150080
F 409.783303 428.208057 -0.743852
E -2.915899 7.295510 19.544579 0.156369
F 435.843416 410.135412 -0.664164
E -2.885142 7.561283 18.655708 0.159834
F 440.949519 408.915779 -0.631955
E -2.914036 6.087039 16.105907 0.137205
F 490.694020 391.632565 -0.388423
E -2.809529 7.468917 16.172352 0.162816
F 523.160253 374.967389 -0.355956
E -2.560509 9.447628 20.087512 0.185981
F 556.955082 372.981066 -0.221871
E -2.755937 8.426240 16.691738 0.176168
F 573.319072 372.206493 -0.151094
E -2.808049 6.568339 13.913372 0.148423
F 613.585922 351.042927 -0.233006
E -2.520671 7.165193 11.416053 0.138056
F 662.709262 353.521494 -0.084082
E -2.553635 7.565492 11.869132 0.153590
F 689.701874 365.884327 0.018739
E -0.680662 9.165427 7.832731 0.130661
F 732.508183 368.853130 0.039253
E -0.129489 8.652481 7.406792 0.129148
F 738.089327 370.328569 0.052162
E -0.195573 6.811016 6.173593 0.110501
F 789.183083 373.203889 0.054423
E 0.053377 8.436649 6.175062 0.125852
F 825.415296 368.093985 -0.017521
E -0.041973 8.605142 5.785646 0.112600
F 853.939306 372.507111 0.040492
E -0.002539 8.829376 6.236967 0.122671
F 882.009136 366.406945 -0.032665
E -0.172161 8.130936 6.085929 0.114235
F 892.557495 367.564306 -0.020000
E -0.462152 6.784863 5.183182 0.100930
F 942.717199 365.100940 -0.029583
E -0.403533 8.951043 5.797256 0.125293
F 982.726863 362.564872 -0.040408
E -0.488596 9.669022 6.278996 0.124216
F 1008.532257 360.084783 -0.059702
E -0.505792 9.924034 6.473039 0.123723
F 1020.259720 363.078039 -0.013980
E -0.562441 8.067260 5.265840 0.104264
F 1061.803248 364.389859 0.007397
E -0.348303 9.321927 5.889861 0.122008
F 1104.718923 365.965854 0.020334
E -0.292621 9.586533 6.246524 0.121260
F 1140.655734 368.703260 0.035470
E -0.227659 9.579833 6.349308 0.120390
F 1164.861393 369.362888 0.022907
E -0.159049 9.569806 6.352714 0.120623
F 1176.296921 370.243819 0.032701
E -0.186376 7.643795 5.253037 0.102077
F 1226.133623 372.295436 0.045222
E -0.027974 9.215627 5.530330 0.118917
F 1265.139473 375.779814 0.091608
E 0.074031 9.982085 5.946404 0.124294
F 1298.115116 380.062273 0.155195
E 0.187177 10.780009 6.068414 0.135293
F 1302.983514 379.893056 0.145252
E 0.174618 8.297709 5.079858 0.111784
F 1352.129455 403.160676 0.402527
E 0.238499 10.814736 4.819031 0.123401
F 1392.365199 426.061569 0.513701
E 0.378005 10.896610 4.892415 0.118043
F 1416.151256 443.130066 0.583773
E 0.455209 10.952254 4.860046 0.115718
F 1420.218981 442.587748 0.554653
E 0.471861 8.834372 4.248344 0.099750
F 1452.938790 476.844871 0.761564
E 0.538418 10.642209 4.341222 0.115275
F 1474.492778 504.915148 0.865092
E 0.607174 10.708715 4.802426 0.115073
F 1484.032763 508.542225 0.813363
E 0.731360 11.608060 5.461684 0.127373
F 1499.725509 552.173035 1.108152
E 0.714802 10.569671 4.796206 0.116148
F 1501.618153 564.876291 1.176746
E 0.723899 7.603106 3.941923 0.093653
F 1507.982290 610.809290 1.388265
E 2.714982 4.362157 8.770123 0.120408
F 1510.969842 644.380331 1.472532
E 2.857248 5.059962 8.675843 0.130984
F 1505.528845 673.399286 1.637440
E 3.022821 5.563097 10.533446 0.135954
F 1504.852226 688.686182 1.663335
E 2.936571 4.652576 7.265401 0.108791
F 1493.615125 731.078246 1.815035
E -3.021538 5.103471 8.598875 0.133896
F 1480.408688 763.970217 1.936526
E -2.852940 5.381498 8.831198 0.131648
F 1464.289190 791.188308 2.065518
E -2.724244 5.366013 9.009322 0.130088
F 1449.244550 810.205796 2.151671
E -2.640038 5.330659 8.816597 0.120063
F 1439.781186 815.507615 2.230085
E -2.673140 4.481873 6.803293 0.099116
F 1401.638914 850.266862 2.352610
E -2.515499 4.761426 8.427901 0.110165
F 1362.123328 881.123306 2.433777
E -2.505167 4.805383 8.366437 0.101618
F 1334.099406 909.916045 2.396745
E -2.374751 5.198604 8.464385 0.109061
F 1321.163425 921.842916 2.410244
E -2.373899 4.354295 6.637497 0.091202
F 1282.958447 953.015883 2.447484
E -0.707990 8.296468 4.764013 0.109579
F 1252.208532 975.893326 2.474596
E -0.740506 8.763064 5.851025 0.119793
F 1223.271413 999.734426 2.465597
E -0.756260 8.965774 6.406647 0.119259
F 1215.667598 1005.900852 2.467771
E -0.778582 7.100498 5.297950 0.100033
F 1179.842218 1035.339955 2.462678
E -0.738320 8.827019 5.701488 0.118529
F 1149.768731 1058.861871 2.471165
E -0.743310 9.297514 6.102915 0.118490
F 1115.848561 1086.996423 2.461617
E -0.738719 9.534698 6.199894 0.117967
F 1091.864604 1104.946078 2.475271
E -0.737589 9.712636 6.157444 0.118239
F 1066.286716 1124.988815 2.474750
E -0.727557 9.860777 6.087872 0.118012
F 1054.260135 1133.450966 2.486938
E -0.732591 7.912925 5.047686 0.099952
F 1019.251916 1160.585690 2.484694
E -0.702920 9.678084 5.279797 0.116701
F 983.958514 1188.670239 2.477704
E -0.708757 10.167893 5.659062 0.114946
F 959.906522 1207.277081 2.480027
E -2.407450 6.702960 10.724487 0.131483
F 954.622466 1213.089747 2.469272
E -0.779902 8.552047 5.146037 0.103000
F 913.810362 1241.758286 2.510668
E -2.373056 6.160183 10.302375 0.130475
F 889.071082 1261.178144 2.545994
E -0.689052 11.570140 6.161689 0.131258
F 858.816177 1278.831031 2.649906
E -0.590138 12.374665 5.987257 0.152699
F 839.833511 1287.505605 2.733517
E -0.544077 11.826471 5.759656 0.150596
F 832.689939 1286.840491 2.787643
E -0.577366 9.125165 4.918127 0.122910
F 800.582697 1289.040400 2.990487
E -0.383764 11.071545 5.215068 0.151560
F 773.620796 1281.437395 -3.054224
E -0.114278 11.598119 6.527102 0.170463
F 743.007020 1267.208983 -2.817992
E 0.158984 12.034727 7.113325 0.171544
F 739.422512 1263.856808 -2.782228
E 0.144689 9.309200 6.078299 0.141001
F 723.920879 1237.698118 -2.441579
E 0.497880 12.126771 5.637855 0.151928
F 713.340315 1217.085507 -2.270379
E 0.701157 12.339406 5.523758 0.147589
F 704.864615 1198.031481 -2.143075
E 2.385044 5.527360 12.161842 0.147558
F 698.340362 1168.044652 -1.936611
E 2.466333 5.627902 11.756300 0.148067
F 689.797614 1160.059706 -1.983032
E 2.493260 4.623324 8.632882 0.114862
F 684.031454 1120.021263 -1.759597
E 2.812935 4.915990 10.911476 0.147766
F 686.752694 1098.646378 -1.599546
E 3.010558 5.359233 11.183032 0.146251
F 692.154492 1069.447514 -1.516139
E 3.092683 5.765146 10.370697 0.121561
F 698.950051 1061.637581 -1.428015
E 3.080631 4.753647 8.271471 0.100820
F 709.624188 1021.804252 -1.368459
E -3.055398 5.178784 9.963116 0.115240
F 730.557402 963.852195 -1.262178
E -3.103313 5.196241 9.707860 0.108453
F 740.567396 924.897913 -1.295280
E -3.062780 5.141124 10.150232 0.108510
F 747.710394 887.263929 -1.337006
E -3.056785 4.950714 10.721453 0.107132
F 751.493920 872.933945 -1.326139
E -3.070273 4.094486 8.830400 0.090115
F 761.377479 825.130426 -1.347557
E -3.030653 4.218114 11.128533 0.104501
F 774.745740 773.976863 -1.319853
E -3.043547 4.476223 12.525177 0.102254
F 786.384851 728.022244 -1.317543
E -3.044363 4.549280 13.497192 0.102533
F 793.999450 689.843328 -1.346701
E -3.046991 4.559144 13.975806 0.103275
F 799.362076 681.291275 -1.302609
E -3.050402 3.778617 11.923129 0.086928
F 812.680627 640.622191 -1.256120
E -2.998613 4.185535 13.205167 0.106721
F 831.669085 609.770991 -1.132861
E -3.041563 5.051461 13.815677 0.120220
F 858.447440 580.884374 -0.975309
E -2.963647 6.414200 14.455942 0.132051
F 867.189037 577.712635 -0.900321
E -2.980069 5.274118 12.159382 0.111794
F 898.722942 547.149534 -0.812519
E -2.799177 6.688302 12.780678 0.137098
F 919.170085 524.906607 -0.813935
E -2.722116 7.299437 12.668143 0.140292
F 944.615876 503.306169 -0.757267
E -2.666046 7.469808 12.414483 0.140846
F 949.056545 501.404004 -0.739989
E -2.711143 6.106132 10.153373 0.119888
F 983.364700 464.679955 -0.740661
E -2.468275 5.961385 11.324556 0.127149
F 1012.770472 441.152008 -0.653630
E -2.356639 5.908090 12.034053 0.137663
F 1032.992981 430.050897 -0.557853
E -0.709227 11.873211 5.960518 0.137975
F 1064.343454 419.954043 -0.413062
E -0.635613 11.233141 5.947513 0.133106
F 1073.421750 419.305656 -0.362547
E -0.668968 8.805312 4.950345 0.110749
F 1114.258606 413.480250 -0.205389
E -0.420655 10.171740 5.390404 0.130510
F 1148.803035 412.709535 -0.092003
E -0.273037 10.192628 5.866031 0.130227
F 1167.692728 413.339440 -0.036397
E -0.142155 10.225651 6.100725 0.132546
F 1205.328762 418.657325 0.054517
E -0.074979 9.738231 6.147093 0.122304
F 1212.760228 427.330252 0.146018
E -0.090084 7.730254 4.761398 0.097826
F 1259.629303 434.797112 0.151666
E 0.116941 9.304549 5.173234 0.118100
F 1298.420202 441.660704 0.161670
E 0.201199 9.781384 5.732487 0.116506
F 1327.215337 453.821405 0.244943
E 0.134106 10.052696 5.889953 0.115093
F 1340.445893 451.654396 0.197856
E 0.138902 8.144444 5.267008 0.102832
F 1383.339401 465.688172 0.260246
E 0.156747 10.078827 5.421085 0.114645
F 1430.186203 479.174320 0.268629
E 0.190109 10.865725 5.532133 0.112790
F 1469.918081 476.963665 0.121090
E 0.226978 11.663780 6.279212 0.125546
F 1498.860299 487.583494 0.207308
E 0.177288 12.279619 5.807997 0.112732
F 1509.089333 484.059751 0.157424
E 0.186357 10.273029 5.076529 0.100637
F 1563.256247 487.960697 0.102521
E 0.187962 12.465924 5.514555 0.123152
F 1605.792535 491.869773 0.131007
E 0.181287 14.833861 6.064021 0.126803
F 1638.141783 513.908426 0.365235
E 0.193106 17.082407 5.476962 0.116918
F 1634.630809 519.814915 0.424841
E 0.189178 15.270290 4.513203 0.099630
F 1664.199447 542.678696 0.544892
E 0.271685 17.591971 4.727114 0.116888
F 1689.588771 567.470666 0.642644
E 0.285295 19.719686 5.210021 0.118942
F 1720.047003 572.661592 0.474739
E 0.257956 22.001561 6.189651 0.138279
F 1719.801810 572.196706 0.470901
E 0.235172 21.231217 5.523647 0.127857
F 1772.629420 594.871893 0.512404
E 0.421933 17.243060 6.548592 0.146774
F 1796.701492 619.978646 0.703747
E 0.584973 17.775957 6.566613 0.152182
F 1814.558291 638.107911 0.778222
E 0.694009 17.737050 6.450011 0.146838
F 1834.838738 668.291427 0.905934
E 0.746706 17.353699 6.316241 0.135787
F 1837.335332 676.406631 0.957215
E 0.670795 15.928474 5.664608 0.122899
F 1861.294551 718.493229 1.017651
E 0.662088 18.546719 7.067990 0.148228
F 1881.827555 758.740399 1.056043
E 0.654858 21.316392 8.156778 0.147710
F 1909.566798 833.728333 1.299590
E 0.780459 18.619960 6.387224 0.121596
F 1930.923990 904.102695 1.416532
E 2.515541 6.079407 17.407644 0.128437
F 1944.704071 932.270725 1.460027
E 2.487835 5.256267 15.549346 0.115956
F 1954.641843 1001.235675 1.555894
E 2.679800 6.480233 15.369493 0.141607
F 1955.850110 1061.807668 1.636545
E 2.823505 7.069697 14.280615 0.140857
F 1934.261347 1081.531267 1.827535
E 3.073016 6.369881 12.585870 0.127520
F 1936.206318 1096.636787 1.818426
E 3.008628 5.555124 10.349503 0.114228
F 1930.871524 1141.607779 1.777611
E -2.994186 5.845579 14.397623 0.134382
F 1917.245347 1184.288728 1.863596
E 3.042409 6.641669 13.257096 0.146754
F 1905.109201 1222.714956 1.901016
E 2.903685 7.289001 14.480702 0.149550
F 1894.186319 1259.287994 1.921588
E 2.857485 7.515135 15.246378 0.149016
F 1874.062954 1252.182368 2.099671
E 2.952501 5.648990 11.180091 0.114545
F 1838.261883 1291.426499 2.251384
E -3.060330 6.381716 11.184218 0.131612
F 1806.387164 1311.379980 2.384371
E -2.610188 7.781009 10.788463 0.147163
F 1778.081587 1333.414597 2.429577
E -0.713334 10.817094 8.014000 0.146437
F 1771.181192 1341.676922 2.414902
E -0.720655 8.612465 6.668784 0.124084
F 1734.063048 1374.408552 2.443881
E -0.571782 10.608016 7.009434 0.144869
F 1719.756243 1405.405134 2.325630
E -2.457157 6.112336 9.203149 0.118914
F 1700.055169 1424.385796 2.375872
E -2.519071 5.554331 9.318417 0.117826
F 1675.432173 1443.199091 2.447575
E -2.477763 5.412247 9.238138 0.116168
F 1665.513774 1446.985092 2.505459
E -2.527012 4.490896 7.240562 0.096873
F 1625.658904 1468.324831 2.612092
E -0.755853 8.629676 4.849230 0.112543
F 1580.279933 1488.005230 2.686134
E -0.696147 8.692774 5.267771 0.109465
F 1554.645683 1499.890643 2.682492
E -0.622945 8.707699 5.431319 0.109565
F 1546.725587 1502.684511 2.695723
E -0.653018 6.850316 4.504760 0.091881
F 1504.985939 1516.993677 2.757608
E -0.627957 10.176420 4.886687 0.116351
F 1471.527890 1538.616376 2.663913
E -0.540926 9.119762 5.299923 0.107351
F 1431.361222 1561.988753 2.638735
E -0.523803 9.097036 5.238752 0.107364
F 1408.847741 1574.752788 2.637492
E -0.630559 10.953914 5.396692 0.115227
F 1399.397326 1574.782959 2.687649
E -0.655441 9.185519 4.477906 0.097359
F 1354.564624 1592.484811 2.761015
E -0.581729 11.146772 5.062902 0.119295
F 1327.655490 1603.929600 2.768143
E -0.559709 11.520175 5.588179 0.120091
F 1300.575934 1614.616177 2.788313
E -0.548806 11.670633 5.787327 0.121738
F 1292.243119 1616.041665 2.817563
E -0.581405 9.462361 4.748471 0.102092
F 1237.092979 1623.886654 2.987511
E -0.463596 10.941547 5.267082 0.122215
F 1201.267991 1629.044900 3.001703
E -0.415009 10.828397 5.832273 0.119840
F 1165.952982 1631.919429 3.018883
E -0.405315 10.722204 5.959997 0.118436
F 1126.326304 1635.571929 3.032087
E -0.383807 10.617427 5.984765 0.118612
F 1121.159690 1635.693549 3.043239
E -0.411048 8.620445 4.935285 0.100682
F 1070.270126 1640.406485 3.053174
E -0.301235 9.985222 5.348286 0.118237
F 1036.400931 1646.237618 3.015802
E -0.296099 10.339480 5.766883 0.117529
F 1003.959387 1649.862713 3.019091
E -0.305297 10.465261 5.892392 0.116924
F 990.895092 1649.813657 3.043180
E -0.323291 8.460360 4.861191 0.098764
F 948.349088 1655.578389 3.023559
E -0.243523 10.006062 5.278822 0.117220
F 903.210554 1662.940022 3.002143
E -0.426799 11.788779 6.280699 0.133606
F 862.273400 1669.833295 2.991701
E -0.535304 13.270413 6.807358 0.133483
F 858.046678 1669.881876 3.002308
E -0.558365 11.477478 5.543589 0.113683
F 809.788087 1675.253692 3.023126
E -0.520674 13.250565 6.351035 0.131284
F 774.451690 1683.758213 2.969911
E -0.514621 14.210126 6.754824 0.131625
F 734.983966 1690.279289 2.972848
E -0.504467 14.904731 6.756695 0.129806
F 704.685936 1698.197601 2.934999
E -0.479582 15.324540 6.634100 0.127867
F 696.263093 1697.281600 2.968029
E -0.491090 13.459315 5.540647 0.109128
F 687.363983 1695.668702 3.008740
E -0.495525 12.070648 4.869860 0.099062
F 682.503792 1694.837580 3.028018
E -0.500453 11.064203 4.447621 0.092633
F 679.614001 1694.236871 3.038629
E -0.505605 10.288676 4.146734 0.087964
F 677.679415 1693.343522 3.047919
E -0.510762 9.664863 3.915894 0.084306
F 675.509226 1693.442571 3.050638
E -0.515867 9.147009 3.729862 0.081296
F 673.742422 1693.593261 3.052045
E -0.520631 8.710455 3.574677 0.078731
F 672.454080 1693.659430 3.052870
E -0.525073 8.335717 3.441940 0.076493
