D C 374.9 -299.6 1450.7 -483.0 1805.6 246.6 1196.7 589.7 577.0 625.9 922.3 1337.6 
D C 376.0 -300.4 1451.5 -483.2 1803.6 246.3 1196.4 589.6 579.6 628.7 923.2 1339.0 
D C 376.1 -300.5 1452.8 -483.7 1803.6 246.3 1197.6 590.2 580.3 629.5 925.2 1341.8 
D C 376.3 -300.7 1452.5 -483.6 1800.2 245.9 1196.7 589.7 579.4 628.5 922.9 1338.6 
D C 375.1 -299.7 1453.6 -484.0 1801.1 246.0 1195.7 589.2 575.8 624.6 923.6 1339.5 
D C 375.1 -299.7 1449.0 -482.4 1803.0 246.2 1197.1 590.0 576.6 625.5 922.9 1338.5 
D C 374.5 -299.3 1452.4 -483.6 1797.5 245.5 1199.1 590.9 578.4 627.4 923.1 1338.8 
D C 374.9 -299.6 1452.1 -483.4 1799.2 245.7 1199.6 591.2 579.4 628.5 923.0 1338.6 
D C 375.1 -299.8 1450.8 -483.0 1802.2 246.1 1132.5 566.8 578.3 627.3 923.7 1339.7 
D C 375.6 -300.2 1454.7 -479.3 1800.4 245.9 1197.2 590.0 578.3 627.3 923.2 1338.9 
D C 374.1 -299.0 1452.4 -483.6 1801.1 246.0 1199.2 591.0 578.3 627.3 924.2 1340.5 
D C 374.7 -299.4 1451.5 -483.2 1804.8 246.5 1198.6 590.7 577.5 626.4 922.6 1338.1 
D C 375.0 -299.7 1456.5 -484.9 1802.5 246.2 1197.7 590.2 541.0 594.1 923.5 1339.4 
D C 375.3 -299.9 1449.9 -482.7 1803.1 246.3 1131.2 566.1 578.1 627.1 922.5 1338.0 
D C 361.1 -297.8 1430.2 -476.1 1784.9 249.4 1148.8 579.4 553.3 626.7 900.8 1341.3 
D C 320.4 -297.2 1397.9 -484.6 1747.5 238.7 1117.0 576.2 522.6 625.9 870.1 1339.6 
D C 284.3 -290.9 1354.3 -474.1 1705.6 243.6 1067.3 575.7 479.2 622.8 
D C 262.4 -283.8 1310.2 -467.7 1686.7 240.9 1047.8 569.4 464.7 619.6 
D C 218.9 -283.7 1267.1 -465.5 1633.7 248.7 994.4 572.4 408.6 624.8 
D C 190.1 -285.9 1233.4 -461.7 1603.3 244.1 964.6 571.1 375.4 627.3 
D C 155.6 -278.2 1204.9 -463.8 1567.1 243.5 932.2 575.4 344.5 631.6 
D C 125.5 -277.9 1167.4 -461.7 1531.1 247.5 888.2 574.9 303.5 632.8 
D C 113.3 -282.6 1151.2 -459.4 1507.6 253.2 871.0 579.1 286.4 636.8 
D C 67.2 -278.1 1097.4 -457.6 1456.7 249.3 818.1 573.4 265.3 708.7 
D C 1059.6 -457.1 1430.1 249.3 786.1 569.1 273.0 795.3 
D C 1029.7 -455.5 1385.2 254.6 740.9 571.8 262.5 887.2 
D C 991.1 -456.7 1348.4 252.1 708.0 571.1 491.6 1338.1 123.5 643.8 
D C -48.5 -285.8 954.2 -443.3 1318.3 254.9 671.6 573.0 455.3 1340.2 90.8 642.9 
D C -81.7 -292.6 923.1 -446.2 1277.7 255.1 640.8 574.5 423.1 1339.1 54.7 641.1 
D C 873.6 -449.0 1225.1 256.4 586.8 569.9 374.3 1340.6 -0.5 639.5 
D C 860.7 -449.1 1203.3 259.5 570.6 574.9 357.8 1344.9 -18.1 638.4 
D C 828.2 -451.7 1169.1 255.9 538.0 569.5 331.8 1346.4 -49.7 640.4 
D C 766.3 -439.6 1114.2 258.3 479.6 570.9 275.5 1347.0 -104.6 634.9 
D C 749.1 -442.0 1099.7 254.9 466.6 569.5 261.4 1341.1 -123.2 637.2 
D C 705.4 -442.9 1050.7 257.2 416.6 569.8 211.6 1347.7 -168.3 636.5 
D C 684.3 -435.6 1033.9 259.8 399.1 571.2 194.3 1345.0 -186.4 640.8 
D C 653.0 -435.6 995.0 266.3 362.5 573.3 156.9 1348.9 
D C 618.5 -434.9 965.1 264.7 332.3 571.1 128.0 1352.8 
D C 584.2 -435.4 930.3 264.4 299.5 574.1 95.2 1361.7 
D C 535.1 -427.6 882.8 274.4 247.2 577.8 36.5 1358.0 
D C 520.3 -431.7 865.5 269.1 235.0 578.6 27.7 1337.3 
D C 491.6 -428.7 834.7 270.8 199.6 575.9 -9.4 1361.6 
D C 453.8 -428.7 802.8 271.4 169.5 579.6 -38.3 1350.2 
D C 423.9 -428.5 765.9 272.1 133.7 580.6 -76.6 1367.8 
D C 407.1 -429.5 749.7 274.1 119.0 581.9 -93.5 1367.5 
D C 360.7 -430.7 700.1 278.1 69.8 584.6 -145.0 1375.3 
D C 330.7 -433.9 666.8 276.8 37.0 581.0 -175.6 1380.5 
D C 298.4 -431.4 639.8 281.8 5.0 589.5 -205.5 1378.3 
D C 266.4 -437.7 606.8 283.0 -27.7 592.6 
D C 219.1 -434.5 559.2 284.2 -77.6 595.6 
D C 205.8 -434.3 545.3 287.7 -97.2 601.2 
D C 160.1 -437.9 495.4 293.3 -143.7 603.0 
D C 146.5 -437.9 475.6 295.6 -161.1 609.5 
D C 113.0 -438.2 443.6 294.9 
D C 66.8 -438.5 392.3 297.0 
D C 49.5 -443.3 373.2 301.1 
D C 1.7 -439.7 323.4 302.8 
D C -14.7 -444.3 303.7 302.3 
D C -43.4 -443.7 269.8 305.6 
D C -92.9 -447.0 214.4 306.9 
D C -109.2 -449.1 195.9 305.7 
D C -155.3 -452.4 143.9 309.7 
D C -175.2 -451.2 133.5 306.9 
D C 117.2 288.7 
D C 92.3 271.6 -517.0 1545.2 
D C 83.3 266.5 -486.7 1548.7 
D C 57.9 248.0 -384.2 1590.7 
D C 47.5 243.7 -356.0 1602.9 
D C 31.2 236.4 -272.5 1622.6 
D C 14.1 232.2 
D C -2.3 233.0 
D C -33.1 242.6 
D C 
D C 135.0 1641.1 
D C 269.8 1621.3 
D C 326.7 1597.5 
D C 512.2 1522.9 -71.8 963.5 
D C 566.9 1500.3 -41.9 958.1 
D C 741.6 1389.9 60.9 955.4 -62.8 1544.5 
D C 846.3 1303.1 120.4 935.0 
D C 892.8 1253.2 152.2 932.1 
D C 1018.4 1104.7 240.4 892.6 
D C 1063.2 1051.8 270.5 874.7 
D C 1148.7 881.0 348.3 828.2 
D C 1201.8 767.5 396.7 783.7 
D C 1213.8 698.7 417.6 760.0 
D C 1259.3 500.2 476.4 681.9 
D C 1276.4 444.6 493.4 657.8 189.3 1769.0 
D C 1282.3 231.6 541.2 565.8 48.3 1799.2 
D C 1247.4 96.8 562.5 501.3 
D C 1236.0 35.1 566.2 468.3 621.0 1613.6 
D C 1179.3 -86.1 571.0 424.1 181.4 1695.1 
D C 1161.8 -113.5 561.2 411.5 196.1 1685.4 
D C 1102.3 -155.8 584.6 425.9 190.8 1684.7 
D C 1084.3 -160.0 583.1 433.1 175.4 1688.1 
D C 1036.8 -159.5 572.2 461.5 118.5 1694.0 
D C 1005.7 -164.2 577.5 483.7 638.7 1505.7 -332.6 1170.4 
D C 989.6 -164.7 564.8 494.0 77.0 1700.5 
D C 938.9 -165.2 889.1 677.6 343.4 381.8 14.4 1703.4 
D C 905.6 -165.0 853.7 675.8 310.3 383.4 
D C 867.7 -166.4 819.6 673.6 274.2 384.9 
D C 835.0 -170.8 789.0 669.0 242.3 388.6 
D C 815.6 -174.6 773.4 668.1 229.7 392.1 
D C 774.0 -175.7 723.0 672.7 173.6 392.4 
D C 754.8 -176.2 703.0 674.5 155.0 392.0 
D C 707.2 -178.9 654.2 679.7 105.3 391.1 
D C 678.7 -178.3 615.9 672.2 71.8 393.7 
D C 659.3 -181.9 602.3 669.7 54.5 394.1 
D C 612.4 -183.2 555.7 669.7 16.8 560.4 
D C 579.5 -181.1 519.0 670.3 -19.0 751.4 
D C 549.6 -183.0 485.4 668.3 -69.0 889.1 
D C 504.1 -219.3 492.8 640.5 -62.9 1012.2 
D C 475.0 -240.5 498.2 627.3 -59.4 1060.2 
D C 389.5 -309.3 535.1 545.8 427.5 1397.6 -72.3 400.2 
D C 295.5 -366.3 564.9 458.6 584.1 1320.5 -61.8 405.8 
D C 260.5 -389.3 570.0 426.1 626.5 1276.1 -56.8 406.6 
D C 189.1 -411.9 579.4 367.5 -49.5 409.0 
D C 120.2 -433.2 580.5 306.2 811.9 1139.7 -43.4 411.5 
D C 43.3 -450.2 580.6 243.1 883.1 1038.2 -35.7 410.8 
D C 5.9 -454.4 577.9 211.3 395.6 1337.3 
D C -108.9 -459.9 555.4 121.6 1002.6 844.9 211.5 1464.4 -20.3 407.6 
D C -183.5 -451.9 531.3 54.4 1075.9 729.7 344.5 1435.6 -7.7 400.1 -326.1 1005.3 
D C 506.2 -22.9 1120.1 573.5 498.9 1371.0 16.5 389.8 -223.0 1034.0 
D C 470.3 -88.7 1174.1 425.2 644.4 1292.4 38.3 379.5 
D C 399.8 -185.8 832.3 1138.5 65.5 359.3 
D C 370.9 -212.7 1171.9 109.1 886.5 1081.9 74.2 351.7 
D C 304.6 -265.6 1158.2 -56.0 1003.4 950.9 88.3 331.9 
D C 234.8 -306.1 1110.1 -205.8 1084.5 810.8 99.5 311.7 
D C 161.8 -338.7 1027.3 -349.0 1150.2 657.4 109.6 292.7 
D C 126.9 -353.7 991.1 -416.8 1169.5 576.3 113.0 283.3 
D C 19.1 -382.1 869.2 -599.3 1224.8 356.2 142.2 289.6 
D C -53.5 -386.8 781.2 -685.5 1213.8 242.4 172.1 342.6 
D C -110.6 -387.0 708.2 -707.2 1180.8 194.6 584.9 718.3 76.3 239.0 
D C 642.9 -735.0 1143.1 145.4 573.7 700.2 47.0 237.3 
D C 589.0 -739.5 1094.1 142.6 529.3 701.2 -4.6 238.5 
D C 573.0 -737.7 1068.3 142.6 510.9 698.9 -21.6 240.5 
D C 544.0 -741.8 1033.4 144.4 472.5 703.6 
D C 506.8 -737.4 997.6 142.5 442.9 700.6 
D C 476.8 -736.7 965.3 143.9 407.7 705.7 
D C 439.5 -727.0 927.0 141.1 383.6 708.5 
D C 408.4 -730.1 893.2 144.4 343.7 711.1 
D C 365.7 -736.3 844.2 149.8 293.6 716.4 
D C 349.3 -737.1 824.5 146.3 279.6 713.3 
D C 313.7 -736.5 787.8 147.3 245.8 716.4 
D C 263.6 -735.0 736.3 144.7 195.2 716.0 
D C 249.1 -736.9 718.4 145.8 176.9 718.0 
D C 200.2 -738.9 665.8 145.7 126.9 721.2 
D C 856.7 -516.2 111.6 725.4 
D C 152.0 -737.4 616.5 146.9 82.0 723.9 
D C 789.6 -512.8 31.0 734.2 
D C 92.4 -744.7 552.0 147.7 10.7 735.0 
D C -22.3 -746.5 518.6 85.5 53.2 728.3 
D C -75.7 -751.0 505.3 50.2 88.8 724.8 
D C -210.1 -734.9 486.0 -35.5 176.1 696.3 
D C -336.3 -701.2 454.3 -107.5 251.8 666.3 
D C 408.0 -185.0 331.8 612.8 
D C 315.5 -283.8 431.2 513.2 
D C 281.4 -312.0 456.0 473.8 
D C 203.3 -358.3 501.0 389.1 -143.3 674.6 
D C 124.2 -390.9 535.8 306.2 -59.4 683.4 
D C 43.7 -414.4 551.2 218.9 14.2 684.1 
D C -85.4 -424.0 551.1 77.0 134.2 656.1 
D C -124.9 -422.3 543.2 37.1 168.4 641.0 -302.7 1017.4 
D C 505.2 -87.3 271.1 588.3 -111.1 1053.9 
D C 484.3 -138.5 308.5 557.4 -39.5 1050.5 
D C 434.2 -211.5 377.4 526.3 85.6 1040.1 
D C 352.6 -296.2 461.9 482.9 206.8 1011.2 
D C 329.4 -294.4 486.8 524.8 195.9 1004.8 
D C 247.2 -318.3 1020.5 849.4 327.8 373.6 209.2 991.8 
D C 219.4 -321.4 1008.3 839.2 336.9 393.6 196.1 989.8 
D C 183.5 -318.7 979.9 836.1 305.8 395.0 167.8 989.7 
D C 131.5 -314.1 934.4 837.7 252.1 396.1 115.5 993.0 
D C 115.7 -313.6 921.4 841.5 238.2 398.1 103.0 990.9 
D C 66.2 -321.4 866.9 836.8 186.7 395.5 51.3 996.8 
D C 32.1 -323.9 828.5 834.9 143.9 377.4 17.5 991.3 
D C 18.1 -323.5 811.4 832.8 135.3 398.2 2.3 990.6 
D C -35.7 -333.2 762.2 831.9 82.0 394.8 -52.6 992.8 
D C -51.1 -332.1 744.6 827.8 68.3 395.2 -64.8 993.4 
D C -118.0 -337.0 748.6 782.6 41.6 388.8 
D C 760.8 729.9 33.7 380.8 
D C 772.9 671.9 24.9 372.5 
D C 780.1 621.4 16.7 369.0 
D C 780.3 594.6 9.9 368.9 
D C 791.3 515.6 2.2 409.3 
D C 787.0 482.4 5.2 450.4 
D C 779.5 396.1 160.8 948.0 -22.6 362.7 
D C 778.2 342.8 190.4 930.7 -30.6 364.7 
D C 776.9 292.2 231.7 915.8 -24.9 363.8 
D C 773.9 171.9 316.1 868.7 -19.2 363.3 
D C 754.3 96.0 362.2 839.6 -20.0 356.8 
D C 732.5 23.0 409.0 795.8 -17.5 351.8 
D C 700.7 -53.3 444.7 748.3 -16.2 346.9 
D C 686.7 -84.2 462.5 726.7 -17.2 345.8 
D C 620.9 -194.1 522.6 641.8 -10.0 449.7 
D C 575.6 -261.0 549.5 592.5 283.4 1407.9 -13.5 332.3 
D C 523.1 -289.5 536.6 561.0 -12.6 782.0 
D C 469.7 -321.7 531.9 532.7 -58.3 328.4 
D C 445.4 -334.0 524.3 525.1 348.5 1360.1 
D C 387.5 -337.9 475.6 519.1 
D C 370.5 -337.4 457.9 525.1 288.2 1366.4 
D C 317.9 -337.5 404.8 522.9 239.0 1359.0 
D C 284.7 -342.0 374.7 526.0 
D C 267.8 -340.5 358.4 530.1 193.1 1366.3 
D C 211.5 -335.7 308.7 534.4 
D C 163.1 -338.9 256.7 543.8 
D C 144.5 -339.2 237.5 545.8 
D C 109.6 -344.9 221.8 541.4 97.0 1387.2 
D C 50.3 -360.1 220.3 523.8 156.5 1345.3 
D C -4.3 -372.2 216.8 506.7 212.4 1352.8 
D C -91.5 -371.4 208.2 478.6 299.7 1320.5 
D C -119.0 -372.7 206.7 471.2 
D C 202.7 458.1 
D C 192.9 443.4 -535.6 1553.0 
D C 205.4 418.4 -394.3 1589.8 
D C 208.6 405.9 -341.6 1607.4 
D C 211.6 371.5 -147.9 1702.6 
D C 215.8 341.3 3.9 1703.3 
D C 261.1 404.7 87.7 1704.0 
D C 167.8 316.9 108.7 1625.6 
D C 781.8 869.3 153.4 314.8 145.8 1708.2 
D C 759.9 860.7 99.8 316.0 123.4 1690.7 
D C 784.9 800.7 82.8 307.4 
D C 813.0 738.0 66.9 298.9 
D C 803.3 672.7 45.5 295.9 
D C 811.5 646.4 31.3 292.8 -378.6 1468.4 
D C 820.0 567.2 500.1 1565.9 1.5 287.4 
D C 633.9 1547.2 553.6 1478.8 -29.6 289.0 
D C 821.3 456.1 628.7 1482.2 
D C 816.8 393.2 694.0 1435.7 
D C 804.9 337.0 740.9 1388.7 
D C 786.8 279.5 797.1 1332.1 45.9 1534.5 
D C 766.9 207.8 873.8 1259.1 130.1 1524.0 
D C 763.3 186.8 887.5 1237.8 153.0 1517.4 -138.6 891.9 
D C 729.3 131.7 935.4 1163.3 226.9 1505.4 -110.7 891.8 
D C 710.6 79.3 981.9 1105.2 289.3 1484.2 -83.4 895.9 
D C 674.7 35.7 1006.3 1032.8 347.9 1469.7 -63.7 891.5 
D C 631.5 -28.6 1052.0 937.4 436.0 1425.3 -30.8 893.2 
D C 613.6 -56.2 1068.5 889.3 473.5 1407.8 -8.8 886.9 
D C 577.2 -94.2 1081.9 819.2 526.0 1379.3 4.8 889.3 
D C 529.0 -132.1 1100.4 741.3 586.5 1336.8 37.4 884.8 
D C 490.6 -163.3 1117.9 675.8 634.4 1302.4 58.7 878.7 
D C 430.3 -209.6 1108.9 589.4 665.6 1247.5 63.4 868.9 
D C 409.1 -204.0 1077.3 594.0 647.0 1249.4 44.6 866.8 
D C 384.6 -206.7 1069.4 606.9 616.6 1255.9 10.0 866.1 
D C 1000.4 596.5 560.9 1257.5 -40.7 870.5 
D C 314.8 -200.4 980.5 592.8 543.4 1259.5 -56.7 868.6 
D C 265.8 -199.4 924.3 594.3 492.7 1257.1 -108.9 877.8 
D C 902.6 596.1 477.6 1263.9 -125.0 875.0 
D C 850.9 592.4 418.6 1257.4 -175.6 879.5 
D C 816.1 590.8 392.9 1256.8 -204.8 883.4 
D C 822.2 561.3 422.1 1242.3 -183.4 889.9 
D C 724.0 -283.8 482.4 1208.8 -154.6 903.6 
D C 657.9 -351.0 516.6 1187.5 -133.7 915.7 
D C 554.8 -443.4 584.8 1120.7 -88.6 921.3 
D C 519.0 -472.6 610.0 1094.3 -71.6 922.6 
D C 788.1 269.1 645.7 1049.6 -46.0 922.2 
D C 745.6 264.8 599.1 1051.9 -89.7 932.5 
D C 725.5 262.7 587.1 1053.3 -106.8 930.9 
D C 670.6 268.7 535.1 1065.1 -162.8 934.1 
D C 655.4 267.3 518.8 1065.1 -180.4 933.3 
D C 615.8 269.0 480.9 1069.3 -216.1 932.3 
D C 568.5 271.5 428.6 1064.6 -267.2 940.2 
D C 554.1 271.0 414.6 1067.5 -281.5 946.3 
D C 504.5 274.2 358.2 1064.9 
D C 473.8 272.7 326.0 1065.7 
D C 450.5 272.3 312.2 1067.5 
D C 404.3 277.8 255.3 1064.1 
D C 385.4 279.0 236.4 1072.0 
D C 339.6 279.1 188.1 1069.6 
D C 322.2 280.1 168.0 1070.2 
D C 285.4 282.4 131.8 1075.1 
D C 245.9 280.3 98.3 1073.3 
D C 248.5 281.4 101.6 1074.1 
D C 249.6 282.7 101.6 1073.4 
D C 248.9 281.9 101.3 1070.0 
D C 248.3 281.2 101.7 1074.4 
D C 248.2 281.2 101.7 1074.5 
D C 248.9 281.9 101.7 1074.3